target,probability
1.0,0.51327171741
0.0,0.519398216233
0.0,0.509488970839
0.0,0.478209688551
0.0,0.546378588355
0.0,0.43694553341
0.0,0.500157676219
1.0,0.513078360049
0.0,0.429198379919
0.0,0.526167504695
0.0,0.479621674803
0.0,0.51423346967
0.0,0.490940172882
0.0,0.524913191419
1.0,0.512905978002
0.0,0.467635169039
1.0,0.501587874614
1.0,0.500502014282
1.0,0.526991710776
1.0,0.490011556253
1.0,0.509802827529
1.0,0.521095424533
0.0,0.485576074737
1.0,0.491976689723
0.0,0.49346467581
0.0,0.515193535229
0.0,0.479051093961
0.0,0.529772010662
0.0,0.449982991257
0.0,0.5213098776
0.0,0.494535498066
1.0,0.511320783085
0.0,0.514212793893
1.0,0.509713331619
1.0,0.494017475007
0.0,0.506757262454
0.0,0.570518658937
0.0,0.493766138752
0.0,0.460268769271
1.0,0.523092209849
1.0,0.531404417428
0.0,0.472565109973
0.0,0.504192511293
1.0,0.512808649085
1.0,0.467052714865
1.0,0.501322972798
1.0,0.497379659189
0.0,0.509597488553
1.0,0.525100577746
1.0,0.519871448939
0.0,0.513126058107
1.0,0.523122101156
0.0,0.51947335468
0.0,0.474914625418
1.0,0.528717541974
1.0,0.509776494329
1.0,0.512665130414
1.0,0.539929492216
0.0,0.499684190288
0.0,0.537986121531
0.0,0.479556973482
0.0,0.521285493224
1.0,0.508398672978
0.0,0.507374327458
0.0,0.538938659773
0.0,0.5033071093
0.0,0.506755563504
0.0,0.438477289535
1.0,0.511167392127
0.0,0.521246992347
0.0,0.468400034086
0.0,0.512299075043
1.0,0.508715828854
1.0,0.520564718705
1.0,0.53294918773
0.0,0.515005587523
1.0,0.52033986621
0.0,0.517574620012
1.0,0.497517221178
0.0,0.490860898119
0.0,0.509127596222
1.0,0.503649653095
1.0,0.507192782105
0.0,0.512391157536
0.0,0.502837973569
1.0,0.437440791758
1.0,0.507962590237
1.0,0.51296751562
0.0,0.554111497372
0.0,0.407092982159
0.0,0.527857446813
0.0,0.52720360499
1.0,0.490160672462
1.0,0.486249824514
0.0,0.523817453427
0.0,0.495502375366
1.0,0.540308360267
1.0,0.528856052928
1.0,0.530417383393
1.0,0.513334443336
0.0,0.45550169895
0.0,0.539149585155
1.0,0.488196567011
0.0,0.521139353119
0.0,0.498573882345
0.0,0.50916965147
0.0,0.502263788856
1.0,0.509385844677
0.0,0.519662671475
1.0,0.511088972855
1.0,0.508715350496
0.0,0.518897436423
1.0,0.506606629209
0.0,0.506376566732
0.0,0.505345496499
1.0,0.491813692503
0.0,0.511190500993
1.0,0.519828074385
0.0,0.493959039392
0.0,0.458592316672
0.0,0.475743610878
1.0,0.500307054454
0.0,0.520585216615
0.0,0.520243695983
1.0,0.504657821827
1.0,0.463109066798
0.0,0.427682914769
0.0,0.489101835864
0.0,0.493625284243
1.0,0.511311115847
1.0,0.504563691548
0.0,0.447633240776
1.0,0.526955435337
1.0,0.530630933096
0.0,0.474274341756
0.0,0.504196572085
1.0,0.447959929656
0.0,0.460534819788
1.0,0.504620756057
0.0,0.511783075843
0.0,0.530221558874
0.0,0.510663595277
1.0,0.476348456198
0.0,0.498761978701
0.0,0.517334210543
0.0,0.536368607355
0.0,0.503430802514
0.0,0.489415408018
0.0,0.531271544579
0.0,0.439703198247
0.0,0.5210061006
0.0,0.524936041098
1.0,0.523318324145
0.0,0.489288540947
0.0,0.480353382761
0.0,0.495862037861
1.0,0.508234535831
0.0,0.51602666506
1.0,0.523800274875
0.0,0.526193874763
1.0,0.514627835654
1.0,0.539578391556
1.0,0.493475216034
0.0,0.483231046367
1.0,0.561476118165
0.0,0.502557959409
1.0,0.505236165933
0.0,0.508955893291
1.0,0.507460515597
1.0,0.486153533419
0.0,0.49004244697
0.0,0.425830646398
1.0,0.504529476999
0.0,0.460013848972
1.0,0.50075086989
0.0,0.469537169187
1.0,0.513998175404
1.0,0.526568665669
0.0,0.437002804499
0.0,0.513212301553
0.0,0.518544690052
0.0,0.490408347343
1.0,0.515504615158
0.0,0.504482448556
0.0,0.500603740495
1.0,0.482511044295
0.0,0.47622253949
0.0,0.514985204654
0.0,0.50720581994
0.0,0.503770131197
0.0,0.470324086347
0.0,0.478161222728
1.0,0.503444988039
1.0,0.538914656023
1.0,0.52856730562
0.0,0.504492647672
1.0,0.476610390142
1.0,0.50023097431
1.0,0.507718443295
0.0,0.50004782758
0.0,0.458007983109
0.0,0.500702452956
0.0,0.501423086081
1.0,0.497471533265
0.0,0.507746714919
1.0,0.507646024276
0.0,0.512109250392
0.0,0.520231331818
0.0,0.515793608355
1.0,0.535378804956
1.0,0.505118009722
1.0,0.461892798306
1.0,0.505842810331
1.0,0.524612488043
0.0,0.550198623178
0.0,0.516798841482
0.0,0.498120223931
0.0,0.518279802928
0.0,0.498841972019
1.0,0.504932442341
1.0,0.503363927609
1.0,0.528688220242
1.0,0.507259347824
1.0,0.440513170776
1.0,0.491099334365
0.0,0.527040303391
1.0,0.503896976265
1.0,0.500096794725
0.0,0.476693808201
1.0,0.511515251351
0.0,0.498783179296
0.0,0.486170694664
1.0,0.5270612468
1.0,0.540035715167
1.0,0.538486648057
1.0,0.520774210115
0.0,0.509755749212
0.0,0.406139252894
0.0,0.515020019344
1.0,0.534267848109
1.0,0.525580560284
0.0,0.517802080882
0.0,0.516665289209
1.0,0.523333303046
0.0,0.497539671132
1.0,0.527808445737
1.0,0.534488468981
0.0,0.51863582176
0.0,0.469719705643
1.0,0.493561424127
0.0,0.514707605616
0.0,0.502115776353
0.0,0.505547264812
1.0,0.48600414897
1.0,0.511524512227
0.0,0.5048334628
0.0,0.514921303604
0.0,0.487785044813
0.0,0.521716915001
0.0,0.49137968245
0.0,0.444850196815
1.0,0.505840517446
1.0,0.523759612043
0.0,0.509263474515
0.0,0.526976971975
0.0,0.513079465207
1.0,0.490423013709
0.0,0.520265358107
0.0,0.484059202302
0.0,0.524153048798
0.0,0.475736412838
0.0,0.515788374639
0.0,0.521230698482
0.0,0.517796655954
0.0,0.506805755098
0.0,0.523436159179
1.0,0.520860962582
1.0,0.520264152742
0.0,0.490570457358
0.0,0.485554134263
1.0,0.502388680878
1.0,0.476222886743
0.0,0.516864365577
0.0,0.49071709031
1.0,0.513902589871
1.0,0.516768783297
1.0,0.514335941259
1.0,0.5129036978
0.0,0.475168372439
1.0,0.495464395365
0.0,0.518143837508
1.0,0.480093364757
1.0,0.505611305709
0.0,0.515472503164
1.0,0.4701889623
1.0,0.510930482031
1.0,0.468923414611
1.0,0.47920519641
0.0,0.520008336307
1.0,0.511435133141
1.0,0.499934430772
1.0,0.516222534754
0.0,0.496163590201
0.0,0.511031111467
0.0,0.474041570567
0.0,0.497702215916
1.0,0.509065089148
0.0,0.507263244392
0.0,0.51019916956
1.0,0.519392441116
1.0,0.52037414965
0.0,0.509774729016
0.0,0.491348276972
1.0,0.505087354627
0.0,0.501974259468
0.0,0.472265396812
1.0,0.5223541854
0.0,0.514065584201
0.0,0.505931418664
1.0,0.519520280451
0.0,0.507989991316
0.0,0.444905681415
1.0,0.513974241528
0.0,0.519032083833
1.0,0.522451210393
1.0,0.524643133277
1.0,0.497339484919
0.0,0.484961529017
1.0,0.45582609688
1.0,0.514828902944
1.0,0.500456474916
1.0,0.504561989738
0.0,0.506064916843
0.0,0.514708588824
0.0,0.531754412735
0.0,0.492171588258
0.0,0.538795116212
1.0,0.508655647336
0.0,0.514901061226
0.0,0.511047101422
0.0,0.515042276784
1.0,0.504898815398
0.0,0.456646945556
0.0,0.514130049157
1.0,0.485150339046
1.0,0.480670707308
1.0,0.504342692167
0.0,0.49622499462
1.0,0.506410337085
0.0,0.527346304921
1.0,0.507387360673
0.0,0.519580199563
1.0,0.418384012122
1.0,0.484533444622
0.0,0.506078689405
1.0,0.485589544728
0.0,0.509553816181
1.0,0.506254509688
1.0,0.516083455076
1.0,0.512460895836
1.0,0.512707668506
0.0,0.514692970163
0.0,0.506137328367
0.0,0.52638650545
0.0,0.527164026818
1.0,0.507440153969
0.0,0.519798667836
0.0,0.507554278774
1.0,0.507702463139
1.0,0.520796494663
0.0,0.479699062956
0.0,0.516366564565
1.0,0.504443925735
1.0,0.518750253706
1.0,0.51109565134
0.0,0.41783752848
0.0,0.542523003496
0.0,0.516498364776
0.0,0.491913650975
0.0,0.502305887782
1.0,0.510498756293
1.0,0.519991760769
0.0,0.474776564702
1.0,0.496284426967
1.0,0.51219622958
0.0,0.515930369432
0.0,0.503585364278
0.0,0.484764289789
1.0,0.513440978113
0.0,0.511794621999
1.0,0.485283552746
1.0,0.497562872789
0.0,0.559857086507
1.0,0.436472682875
0.0,0.462627226158
1.0,0.523945885913
1.0,0.551163216922
1.0,0.50036910399
0.0,0.48743373304
0.0,0.519493233177
1.0,0.492433745535
1.0,0.495058449776
1.0,0.530625153984
1.0,0.506336943822
1.0,0.519071355635
0.0,0.480628411268
1.0,0.512932332947
1.0,0.484813847726
1.0,0.525525021445
0.0,0.440674498333
1.0,0.507929328191
1.0,0.521264068155
0.0,0.515934016516
1.0,0.509581141581
0.0,0.51459024195
1.0,0.513217558771
0.0,0.508539249846
0.0,0.510800656167
0.0,0.504189550579
1.0,0.518903894662
0.0,0.475877113697
1.0,0.513480803134
1.0,0.514607316401
1.0,0.50808574715
1.0,0.509377106121
1.0,0.480470284088
1.0,0.524187688542
0.0,0.531559710794
1.0,0.510119136247
1.0,0.531484881446
1.0,0.52795562488
0.0,0.490341470596
1.0,0.463054790315
0.0,0.505506882081
1.0,0.512446210728
0.0,0.525010388578
0.0,0.496156788271
0.0,0.489016342863
0.0,0.516794673493
0.0,0.471594421176
1.0,0.539453105047
1.0,0.543490513137
0.0,0.508002376083
1.0,0.499003392948
1.0,0.50016806596
0.0,0.506675799287
0.0,0.506191996318
0.0,0.516080053567
1.0,0.519657944663
1.0,0.539072255613
0.0,0.457532086916
0.0,0.508067124803
0.0,0.515967089111
1.0,0.524386302766
0.0,0.513390089036
0.0,0.509237499308
1.0,0.493764219053
0.0,0.512879852338
1.0,0.522611140222
0.0,0.508883730526
0.0,0.489974721634
1.0,0.523140116692
1.0,0.510690329469
0.0,0.503717455658
1.0,0.513588686649
0.0,0.471990403667
1.0,0.474447951555
1.0,0.498482047042
0.0,0.516420088579
0.0,0.51774701217
1.0,0.532266167053
1.0,0.509065457111
1.0,0.503999109253
0.0,0.529169590796
0.0,0.501173424883
1.0,0.521148511347
1.0,0.521171775655
0.0,0.49537593646
0.0,0.518365814154
0.0,0.511408064449
1.0,0.497816675433
0.0,0.51028551192
0.0,0.528548561767
1.0,0.516010892834
0.0,0.500717671229
0.0,0.495877595224
1.0,0.479495639521
1.0,0.500723664911
1.0,0.521969042476
1.0,0.516974501131
1.0,0.51190160657
0.0,0.523297812413
0.0,0.446326570756
1.0,0.516519375635
0.0,0.512507760432
1.0,0.494956060251
1.0,0.525562287743
0.0,0.44495352672
0.0,0.528136621015
0.0,0.47068775526
1.0,0.524469845097
1.0,0.519766154296
0.0,0.522188286633
0.0,0.511852645573
1.0,0.491465765753
0.0,0.505231148772
1.0,0.46923368464
0.0,0.536427405942
0.0,0.504356725472
0.0,0.503254510219
1.0,0.550118375523
0.0,0.495033801606
0.0,0.508842807436
1.0,0.518308885455
0.0,0.539137054108
1.0,0.505611470372
1.0,0.525792951213
0.0,0.518687241964
1.0,0.48542663961
0.0,0.52599976322
1.0,0.519170135536
0.0,0.523062199986
0.0,0.461687093803
0.0,0.509944806738
0.0,0.523614355316
1.0,0.524707863941
0.0,0.503977208729
1.0,0.488754003894
0.0,0.512226993937
0.0,0.441881902548
1.0,0.512808946133
1.0,0.527796361892
0.0,0.506144098495
1.0,0.496774380359
1.0,0.51776075102
0.0,0.517689672765
0.0,0.502882529354
0.0,0.517925301076
0.0,0.464582897361
0.0,0.493213862511
1.0,0.506162933032
0.0,0.543504358121
1.0,0.503961644768
1.0,0.533504123225
0.0,0.414771020843
1.0,0.513415833744
1.0,0.475072234635
1.0,0.521053472778
1.0,0.501311940925
1.0,0.51534445666
0.0,0.51450712158
1.0,0.506829140726
1.0,0.499792577286
1.0,0.523513734885
0.0,0.478715230518
1.0,0.503794150278
1.0,0.518408202299
0.0,0.530213321884
0.0,0.522358872033
1.0,0.521761372979
1.0,0.518894098407
1.0,0.526390983861
1.0,0.507444109276
1.0,0.513411409677
1.0,0.524603066327
0.0,0.506767868817
0.0,0.479902037937
0.0,0.486017491712
0.0,0.531197472128
0.0,0.5092202811
0.0,0.509510327026
0.0,0.495668123052
1.0,0.48934068029
1.0,0.514488146011
1.0,0.51689633951
1.0,0.552553698608
0.0,0.516920014637
0.0,0.517641080137
1.0,0.499563322926
0.0,0.456872570524
0.0,0.506536709103
1.0,0.545353603321
1.0,0.533708918291
0.0,0.502193395986
1.0,0.502434144941
1.0,0.497369523815
1.0,0.522802872638
1.0,0.473967951342
1.0,0.478709761088
0.0,0.516724934838
0.0,0.508147613136
1.0,0.517915738692
0.0,0.50583585709
1.0,0.51703547433
0.0,0.499901397188
0.0,0.511397791614
0.0,0.473028864153
1.0,0.476602379059
0.0,0.517584186127
0.0,0.50676831523
1.0,0.492901142277
1.0,0.531081993956
1.0,0.526744421008
0.0,0.496474748362
0.0,0.519745155981
0.0,0.49631239765
1.0,0.511890329879
1.0,0.527185501705
1.0,0.519810195462
1.0,0.520131569831
1.0,0.502635465964
1.0,0.539608941399
0.0,0.488921292735
1.0,0.523467131437
1.0,0.506038778972
1.0,0.544838886163
0.0,0.499602441419
0.0,0.476177157584
1.0,0.487086468054
0.0,0.545123064201
0.0,0.510237336852
0.0,0.528599327003
1.0,0.50401739683
0.0,0.503894103413
1.0,0.517892073587
0.0,0.513538149981
1.0,0.532563472764
1.0,0.505248653812
1.0,0.485241513045
1.0,0.458322802124
1.0,0.509251276022
0.0,0.501062893948
0.0,0.503788114809
1.0,0.486194751109
0.0,0.468110147378
0.0,0.480401052687
1.0,0.485003088336
0.0,0.523911816705
1.0,0.523742456733
0.0,0.516138282002
0.0,0.500826472713
0.0,0.487586257256
1.0,0.515505499582
0.0,0.496956512936
1.0,0.535128281998
1.0,0.520118106561
0.0,0.526723154717
1.0,0.507120087235
0.0,0.476847680014
0.0,0.474230027315
1.0,0.484143585404
1.0,0.530617795025
0.0,0.53767111462
0.0,0.465682610201
0.0,0.502765456736
1.0,0.516003253728
0.0,0.47238731575
1.0,0.497255000598
1.0,0.513828354823
1.0,0.476877471841
1.0,0.522700801904
0.0,0.517546113347
1.0,0.460100866511
0.0,0.492151695909
1.0,0.527469250608
0.0,0.50195203267
0.0,0.527940085219
0.0,0.513036782675
1.0,0.534383983695
0.0,0.486086718639
0.0,0.510164614794
1.0,0.509101308589
0.0,0.511861599514
0.0,0.505670307116
0.0,0.513012638982
0.0,0.516440816105
0.0,0.468108976541
0.0,0.535108153155
0.0,0.527445167622
1.0,0.527647816309
1.0,0.503510590273
1.0,0.486363936599
1.0,0.513965467254
1.0,0.513850935725
0.0,0.509563233151
0.0,0.516101329782
0.0,0.497949209169
0.0,0.474403919354
1.0,0.525464985167
1.0,0.493277723098
0.0,0.408494665435
1.0,0.558526215615
1.0,0.522161965523
1.0,0.513490543773
1.0,0.441333449347
0.0,0.500778072029
0.0,0.491667813524
1.0,0.489652647652
1.0,0.53057192853
0.0,0.460778775577
0.0,0.503769765131
1.0,0.510982674323
1.0,0.523368513913
0.0,0.504550313832
1.0,0.486662217356
1.0,0.508844914462
1.0,0.499841780549
0.0,0.494234882021
0.0,0.48990919476
1.0,0.512481851398
0.0,0.414319184863
0.0,0.543551447685
1.0,0.513637484992
1.0,0.512357878684
1.0,0.539565871353
0.0,0.481630130757
0.0,0.542215299127
1.0,0.52812343
1.0,0.500738101667
0.0,0.50325195178
0.0,0.506819291601
1.0,0.503252120288
0.0,0.479957431586
0.0,0.49113305578
0.0,0.467786082067
0.0,0.518586136963
0.0,0.505201726822
0.0,0.509467815422
0.0,0.526042117556
0.0,0.53390317675
1.0,0.507752525
0.0,0.495702850135
0.0,0.493798350915
0.0,0.495151976757
0.0,0.519145184053
0.0,0.506422170645
1.0,0.502507381015
0.0,0.508650968569
0.0,0.520081766375
1.0,0.502144024478
0.0,0.516987201693
0.0,0.497360649782
1.0,0.51247358237
0.0,0.513401321817
1.0,0.524113783015
0.0,0.500822584175
0.0,0.483756181233
0.0,0.539183104145
0.0,0.535150926325
0.0,0.52050155321
0.0,0.478098776109
0.0,0.476441840157
1.0,0.515823805581
0.0,0.515061359816
0.0,0.517551975019
0.0,0.516764811719
1.0,0.548031041042
0.0,0.476850261489
1.0,0.494489171599
1.0,0.547529632941
1.0,0.526793130542
0.0,0.52067609032
0.0,0.511311629467
1.0,0.520978676053
0.0,0.503630288894
1.0,0.519347916086
0.0,0.522847843206
0.0,0.448601100562
1.0,0.520351185845
0.0,0.509334436248
0.0,0.521112294337
0.0,0.502889596006
1.0,0.48823794636
1.0,0.511149740314
1.0,0.509769995331
1.0,0.528997169627
0.0,0.523948268204
0.0,0.512332353283
0.0,0.520643297949
1.0,0.526880953517
1.0,0.511904623383
0.0,0.510231691516
0.0,0.47499811591
0.0,0.507072784758
1.0,0.518873411436
0.0,0.541058636896
1.0,0.47611072118
0.0,0.487635866994
0.0,0.504815053347
1.0,0.501598169567
0.0,0.532295452212
1.0,0.479543723785
1.0,0.486258834041
0.0,0.473679819306
1.0,0.492385897187
1.0,0.473741310433
1.0,0.533002465854
0.0,0.511251702452
0.0,0.475118436606
1.0,0.499807006783
1.0,0.478652484212
0.0,0.50353819303
0.0,0.471435400093
1.0,0.503019065426
1.0,0.518388414211
0.0,0.470845526255
1.0,0.505004748434
1.0,0.527582665701
0.0,0.545055697191
1.0,0.521753600724
0.0,0.510707030098
0.0,0.503545889438
1.0,0.537564939809
0.0,0.497295362377
1.0,0.508406196082
1.0,0.510101437831
0.0,0.483883003451
1.0,0.487597730405
1.0,0.503404084871
0.0,0.512102259812
0.0,0.50869749504
1.0,0.496841621305
0.0,0.489032089825
1.0,0.473351602522
1.0,0.526515900001
1.0,0.516687405258
0.0,0.443919238225
1.0,0.447626426875
0.0,0.482616295817
1.0,0.485768583133
1.0,0.517548380393
1.0,0.523944772971
1.0,0.508975214754
0.0,0.508292115094
1.0,0.515823019014
1.0,0.524073496825
1.0,0.502855091342
1.0,0.451042469647
0.0,0.512860293196
1.0,0.519193930116
1.0,0.475682407826
0.0,0.519114937481
0.0,0.504544080181
0.0,0.484635603268
0.0,0.512753999934
0.0,0.526862420827
1.0,0.513348681151
1.0,0.513817013317
1.0,0.506977415761
1.0,0.500263338745
0.0,0.489440599233
0.0,0.5189055707
1.0,0.438219407041
1.0,0.489518105464
0.0,0.514527052827
0.0,0.482366510319
0.0,0.453158661007
1.0,0.5207296123
0.0,0.523385046976
0.0,0.519912817524
0.0,0.520376972626
0.0,0.527554648898
0.0,0.523811509436
0.0,0.508980924812
0.0,0.505914957147
0.0,0.507179628007
0.0,0.492861225961
0.0,0.488450239701
0.0,0.454513933396
1.0,0.529331645737
0.0,0.514345449248
1.0,0.530760313123
1.0,0.519109270512
0.0,0.509564225449
0.0,0.512229703245
0.0,0.501983538661
0.0,0.488884314461
1.0,0.486278816667
0.0,0.525547298834
0.0,0.484600548853
1.0,0.524424811057
0.0,0.482524659629
0.0,0.502867684078
0.0,0.507163793841
0.0,0.491290392354
0.0,0.531376008233
0.0,0.517489770229
0.0,0.49666868584
1.0,0.500160736816
1.0,0.511994441868
1.0,0.501461396273
0.0,0.477324494082
1.0,0.520690670128
1.0,0.508438598736
0.0,0.528590298202
1.0,0.521775698667
0.0,0.474688035955
0.0,0.503283814834
1.0,0.521480135399
0.0,0.5052861782
1.0,0.449689034683
1.0,0.514360923968
1.0,0.422066449745
1.0,0.460389491869
0.0,0.497282513445
0.0,0.476483187313
0.0,0.490197409053
0.0,0.459337395547
0.0,0.511697364257
0.0,0.489356002924
1.0,0.515360802753
1.0,0.430673960265
0.0,0.511877479978
0.0,0.476184917289
1.0,0.510528832448
0.0,0.511112486871
1.0,0.533843827874
1.0,0.512198216067
1.0,0.496918544284
0.0,0.460541498559
0.0,0.546725845723
1.0,0.514265372859
0.0,0.504564456636
1.0,0.508795395785
0.0,0.508414937006
0.0,0.501039057079
1.0,0.509300207374
0.0,0.508549015777
0.0,0.507512236644
1.0,0.538864214572
0.0,0.474855807661
0.0,0.515509842631
1.0,0.468476482847
1.0,0.517451510616
0.0,0.500153465662
1.0,0.512977906667
1.0,0.478943810625
0.0,0.537312000022
0.0,0.456354110057
0.0,0.526886082051
1.0,0.517514727063
1.0,0.511256491168
0.0,0.487988666091
1.0,0.453737925031
0.0,0.487958075988
0.0,0.473177475642
0.0,0.509265028705
0.0,0.498451324239
0.0,0.495595305059
1.0,0.49763893339
0.0,0.475263885302
1.0,0.519995378517
1.0,0.526996472359
0.0,0.51414782661
1.0,0.519288078815
0.0,0.523969476608
1.0,0.495855507243
1.0,0.509849567101
1.0,0.496812253513
1.0,0.510461661946
1.0,0.522867453784
0.0,0.51018316195
0.0,0.518483390101
1.0,0.456327055454
0.0,0.484608939349
0.0,0.475137615579
0.0,0.519344686473
0.0,0.499022382775
0.0,0.478267856891
1.0,0.531098069473
1.0,0.53100953917
1.0,0.491388874624
1.0,0.492024942188
0.0,0.487103032924
0.0,0.476011243174
0.0,0.504504584326
1.0,0.503847397743
0.0,0.524364020426
1.0,0.471883155848
0.0,0.510957482348
1.0,0.521177088159
1.0,0.517713232979
0.0,0.501843854231
0.0,0.503124254606
1.0,0.493575534527
0.0,0.509547306599
0.0,0.520475025035
0.0,0.518750487175
0.0,0.487194014869
1.0,0.526756259379
0.0,0.508080859112
0.0,0.487492038098
1.0,0.521137671394
0.0,0.520012439346
0.0,0.455750909145
0.0,0.510195730655
1.0,0.500183267326
0.0,0.51176528841
0.0,0.511161658833
1.0,0.505053822044
0.0,0.495482446704
0.0,0.477304645403
1.0,0.492907705531
1.0,0.522944338557
0.0,0.48121005101
1.0,0.486604439096
0.0,0.457300056241
1.0,0.529091046428
0.0,0.513860440407
0.0,0.518572400393
1.0,0.472024973095
0.0,0.509503026348
1.0,0.477220346921
0.0,0.514688367944
0.0,0.489570402144
0.0,0.505980046559
0.0,0.518215899976
0.0,0.516465909026
0.0,0.5146464282
1.0,0.499415053522
1.0,0.509144661937
1.0,0.509341748127
1.0,0.543053993227
1.0,0.520513923361
0.0,0.468631630704
1.0,0.508922577321
1.0,0.508273256602
0.0,0.497477003186
0.0,0.487281741398
0.0,0.513045594026
1.0,0.520304210615
1.0,0.500542799853
0.0,0.518362326783
1.0,0.489361597388
1.0,0.499390799195
1.0,0.501151661045
0.0,0.511951149137
1.0,0.518022376711
0.0,0.473805504843
0.0,0.468693747153
0.0,0.510858727647
0.0,0.509764856522
1.0,0.532017223546
1.0,0.512737550158
1.0,0.506957358196
1.0,0.48892730412
1.0,0.51826929897
1.0,0.479158571118
0.0,0.485633321058
1.0,0.506834072341
1.0,0.53104402835
0.0,0.503445019755
0.0,0.524424640412
0.0,0.489379680171
1.0,0.522369496654
1.0,0.52089306966
1.0,0.525433337365
1.0,0.471232859086
1.0,0.514471472887
0.0,0.471045417009
1.0,0.509647659028
1.0,0.503857793135
0.0,0.511155690517
0.0,0.489098633911
1.0,0.49112953593
1.0,0.511528548079
1.0,0.532115226724
1.0,0.474027375884
0.0,0.526239469939
0.0,0.526995354396
0.0,0.521613933657
0.0,0.50024911476
0.0,0.451486071184
0.0,0.487904559254
1.0,0.507438885937
0.0,0.482773174379
1.0,0.505653650214
0.0,0.50328874244
1.0,0.463024718803
0.0,0.500986318768
0.0,0.508361699215
0.0,0.527013930314
0.0,0.491113803117
0.0,0.518820668629
1.0,0.484990132419
0.0,0.502345735847
0.0,0.514896952775
1.0,0.530696754038
1.0,0.465101453309
1.0,0.512897181807
0.0,0.51251603891
0.0,0.507082365507
1.0,0.496266365155
0.0,0.506234075686
1.0,0.485437412599
1.0,0.511238496207
1.0,0.513943676506
1.0,0.505962589239
0.0,0.529602977807
0.0,0.530631930361
0.0,0.530152738016
0.0,0.430177434969
0.0,0.514205653959
1.0,0.528756319542
1.0,0.496808238149
0.0,0.499805756504
1.0,0.52994970399
1.0,0.518358552562
0.0,0.505087919572
0.0,0.513941420761
1.0,0.508020842481
0.0,0.469965364715
1.0,0.53584256539
1.0,0.49930901132
0.0,0.521853682445
0.0,0.472367028198
1.0,0.5050300328
1.0,0.509389785467
1.0,0.505071527893
1.0,0.515828226944
1.0,0.512841695261
1.0,0.511410536916
0.0,0.518783872349
1.0,0.532508456134
0.0,0.521035092271
0.0,0.473558098978
1.0,0.531375334737
1.0,0.532889404377
1.0,0.523735099915
1.0,0.508521387172
1.0,0.507449772876
1.0,0.531659748719
1.0,0.493593336442
0.0,0.523282759093
1.0,0.495010797348
0.0,0.461786399112
1.0,0.533454099579
1.0,0.527966854818
0.0,0.529702309459
0.0,0.533412277215
0.0,0.526991619671
1.0,0.517858501675
1.0,0.523400243685
1.0,0.476281027549
1.0,0.53039841522
1.0,0.513665863728
0.0,0.506937217016
0.0,0.476729302315
0.0,0.510805945236
1.0,0.50522988906
0.0,0.500129658942
0.0,0.505883646211
0.0,0.465059423206
1.0,0.511757000849
1.0,0.524959103584
1.0,0.541559919892
1.0,0.509909675213
0.0,0.476472347806
1.0,0.514115262624
0.0,0.523246320462
1.0,0.502783552335
1.0,0.500580726745
0.0,0.510045871555
0.0,0.531574660786
0.0,0.524017503168
1.0,0.498335809268
1.0,0.472689881546
0.0,0.463721451404
1.0,0.51899964827
0.0,0.483821253772
0.0,0.530315029429
1.0,0.520701238815
0.0,0.487862668681
0.0,0.507440133729
1.0,0.493928588324
1.0,0.53578323899
1.0,0.510250846234
0.0,0.505323764716
1.0,0.470705788732
0.0,0.50457193631
1.0,0.520514846592
1.0,0.542351809481
0.0,0.491960428298
0.0,0.507385602791
1.0,0.437568996162
1.0,0.500212714002
0.0,0.516111841265
0.0,0.501531756225
0.0,0.50845014498
1.0,0.464018252918
1.0,0.479744476229
1.0,0.501711838092
0.0,0.491978495786
1.0,0.521725066837
1.0,0.527633351207
1.0,0.525963185024
0.0,0.463801794743
1.0,0.520833678745
1.0,0.519031167462
0.0,0.525972448798
1.0,0.504897653974
1.0,0.500789202663
1.0,0.460174838172
0.0,0.461590878949
1.0,0.460661893058
0.0,0.450168372084
1.0,0.496129110072
0.0,0.529017912457
1.0,0.481816134122
0.0,0.494337160138
0.0,0.519319864218
1.0,0.516091632108
0.0,0.522065144413
0.0,0.5054324912
1.0,0.507687649267
0.0,0.462182227335
0.0,0.514432245586
1.0,0.516557833718
1.0,0.527177248759
1.0,0.50529325428
0.0,0.498103038818
1.0,0.507493108556
1.0,0.52297200408
1.0,0.496566398468
1.0,0.517615085708
1.0,0.523024965786
0.0,0.517379660095
1.0,0.531031122108
0.0,0.505508430681
0.0,0.494437038078
1.0,0.508995025836
1.0,0.507766783509
0.0,0.511502573135
0.0,0.501218458683
1.0,0.519369871761
0.0,0.509736285263
0.0,0.518628188144
0.0,0.478242601859
0.0,0.519891338667
0.0,0.511423468689
1.0,0.479569463865
0.0,0.536656018481
1.0,0.519582959167
1.0,0.548796230421
1.0,0.470248041164
1.0,0.527666046988
0.0,0.489938429535
0.0,0.48306454148
1.0,0.495152205105
0.0,0.519497608738
1.0,0.531881529736
0.0,0.503064718173
1.0,0.513593292211
1.0,0.516836650333
1.0,0.511923466058
0.0,0.439938333295
1.0,0.539468058279
0.0,0.498941618038
1.0,0.495414901601
0.0,0.507502483994
1.0,0.505262973362
0.0,0.533194835222
0.0,0.511189447913
1.0,0.52099539745
1.0,0.491105816002
0.0,0.495370895658
1.0,0.492996172988
0.0,0.509300002531
1.0,0.475837912319
0.0,0.516098038201
0.0,0.518815102773
1.0,0.527685951972
0.0,0.515414887681
1.0,0.495150295555
0.0,0.54578499008
0.0,0.516965069329
0.0,0.513829323532
1.0,0.514278457487
1.0,0.51318704464
1.0,0.508663729639
1.0,0.486980689202
0.0,0.52274297243
0.0,0.512302891526
0.0,0.42928787914
1.0,0.512481139105
0.0,0.498239370073
0.0,0.515001089185
0.0,0.500398561434
1.0,0.5168457742
1.0,0.453825427324
1.0,0.527099287933
1.0,0.517420825919
1.0,0.519780237823
1.0,0.499647215438
0.0,0.539663879304
0.0,0.538060492466
1.0,0.49286047285
1.0,0.510709509364
1.0,0.506193565324
0.0,0.515108422992
1.0,0.50614124805
0.0,0.497192087264
0.0,0.522294531681
0.0,0.518118047061
0.0,0.473548214189
0.0,0.498440881245
0.0,0.504701090946
0.0,0.520502587948
1.0,0.53206478391
1.0,0.51961493389
0.0,0.55201343317
0.0,0.513450134519
1.0,0.499900805668
1.0,0.513511248414
0.0,0.491091955959
1.0,0.521947029611
0.0,0.457749774221
0.0,0.523193755805
0.0,0.487921810701
1.0,0.515038134088
1.0,0.486021935082
1.0,0.52643790221
1.0,0.541834243249
1.0,0.466023926598
1.0,0.504932501908
1.0,0.477207937999
0.0,0.528669242874
1.0,0.427444604881
0.0,0.483522412345
1.0,0.50818095853
1.0,0.515666015424
0.0,0.483573254791
1.0,0.515291484747
0.0,0.507348684233
0.0,0.533178408648
0.0,0.536216356908
1.0,0.485587108517
1.0,0.519647815671
1.0,0.504768994672
0.0,0.425357722423
0.0,0.482712832536
0.0,0.496582202918
1.0,0.497707045047
0.0,0.511724940662
1.0,0.500072778509
1.0,0.528048842476
0.0,0.508576150089
0.0,0.497008047513
1.0,0.519778066482
1.0,0.543359941132
1.0,0.510559218428
0.0,0.475932293774
1.0,0.526395598213
1.0,0.456920794364
0.0,0.513056621692
0.0,0.487132819019
0.0,0.509758351924
0.0,0.505269090869
0.0,0.529845729659
1.0,0.530647090329
1.0,0.511860194243
0.0,0.475632661756
0.0,0.482147028088
0.0,0.494554774889
1.0,0.500810688723
1.0,0.517591562795
0.0,0.496609815673
0.0,0.473817871289
0.0,0.518971430216
1.0,0.538604526764
0.0,0.503010852851
0.0,0.457755672425
1.0,0.517612311579
0.0,0.487809500351
0.0,0.505089868817
1.0,0.473389541858
0.0,0.50678005692
1.0,0.50442051423
1.0,0.510868415432
0.0,0.506955420629
0.0,0.506154241942
0.0,0.50512959378
1.0,0.491271730587
0.0,0.518650844233
1.0,0.508148498864
1.0,0.518929478403
0.0,0.520270151535
1.0,0.494530720932
1.0,0.491960677879
1.0,0.457392303877
1.0,0.529487132868
0.0,0.524049391463
1.0,0.550317811032
0.0,0.466716387728
1.0,0.524875055716
1.0,0.504457076027
0.0,0.517980342663
1.0,0.533377701563
1.0,0.528292987574
0.0,0.511162638094
0.0,0.473037905093
1.0,0.516208843787
1.0,0.510061935815
0.0,0.482434146618
0.0,0.51401115927
1.0,0.488713877598
0.0,0.519247131191
1.0,0.494978678832
1.0,0.463879878523
1.0,0.440693508068
0.0,0.497436091029
1.0,0.515963983061
1.0,0.507511164834
1.0,0.512793535081
0.0,0.52638317504
1.0,0.523393783987
0.0,0.570798210388
1.0,0.508720576066
0.0,0.502589495056
1.0,0.501502683648
0.0,0.462453037849
0.0,0.514238226741
1.0,0.523599511901
1.0,0.530029693256
1.0,0.524886153754
1.0,0.493328973454
1.0,0.511276126187
1.0,0.493055147003
1.0,0.505597694986
0.0,0.527540525341
0.0,0.514088746378
0.0,0.518847210387
0.0,0.526237180899
1.0,0.509225993222
0.0,0.51748652682
0.0,0.508975626599
0.0,0.5024805323
0.0,0.476646536872
0.0,0.519671873527
1.0,0.527001540295
0.0,0.522682697405
0.0,0.518924463373
0.0,0.53073701774
0.0,0.526186543087
1.0,0.535529823094
0.0,0.5069189502
0.0,0.518324228388
1.0,0.517157918932
1.0,0.528974450408
1.0,0.515382446135
1.0,0.518187859261
0.0,0.503120792834
0.0,0.465596732938
0.0,0.483492000499
1.0,0.511892992592
1.0,0.517806597491
1.0,0.475378400286
0.0,0.524210025636
1.0,0.513706968791
1.0,0.514577217533
1.0,0.497636918454
1.0,0.466748876048
0.0,0.509291800542
1.0,0.515924344712
0.0,0.496173840133
1.0,0.51995113195
1.0,0.511489670875
0.0,0.477516329311
0.0,0.509711684818
1.0,0.526624994647
1.0,0.501758389176
0.0,0.52345367662
1.0,0.497482605525
0.0,0.473278017844
0.0,0.529171607766
1.0,0.512927629143
1.0,0.534129898123
0.0,0.492789983044
0.0,0.517345085103
0.0,0.522732763183
1.0,0.532903496368
0.0,0.505885586713
0.0,0.481670074354
1.0,0.520022897581
1.0,0.506291113442
1.0,0.541249199607
1.0,0.523169453863
0.0,0.499314312766
0.0,0.506652541036
1.0,0.523161279751
0.0,0.529519493121
1.0,0.493755598096
1.0,0.519757084623
1.0,0.45927839331
1.0,0.47917873901
0.0,0.490310540664
1.0,0.505335951415
0.0,0.51549264716
0.0,0.51539127985
0.0,0.508955419528
1.0,0.503611928354
1.0,0.523893284946
0.0,0.504183594769
0.0,0.497794468624
0.0,0.477522254173
1.0,0.516321115267
0.0,0.467108244551
0.0,0.521022968003
0.0,0.520190543228
0.0,0.532080037446
0.0,0.498192168935
1.0,0.516925482643
1.0,0.486061107151
0.0,0.509582930704
0.0,0.513499117732
1.0,0.524786970894
0.0,0.509816322924
1.0,0.527603097944
1.0,0.51243799759
1.0,0.505691643702
1.0,0.487132896184
0.0,0.483023525826
1.0,0.510765666753
0.0,0.482111950859
0.0,0.52829923574
0.0,0.490442660966
0.0,0.508679316621
1.0,0.498845707282
1.0,0.517595846917
1.0,0.506305806246
0.0,0.500419055056
1.0,0.495440636633
1.0,0.520631711029
1.0,0.50761826381
0.0,0.514002643861
0.0,0.517055278616
1.0,0.511915283566
1.0,0.474478070901
0.0,0.479472098018
1.0,0.507062470002
1.0,0.471700527058
1.0,0.514651341316
0.0,0.510979910424
1.0,0.531805328096
1.0,0.534241794492
0.0,0.523621262484
0.0,0.528367283169
1.0,0.516775609469
0.0,0.459805846153
0.0,0.502716193406
0.0,0.50501877731
0.0,0.456747984086
1.0,0.484893644105
0.0,0.494280986115
1.0,0.497780492027
0.0,0.506764372986
1.0,0.468035710359
0.0,0.511667956422
0.0,0.523584555631
1.0,0.525052891851
0.0,0.542727924913
0.0,0.490324685671
1.0,0.472980458424
0.0,0.500651167512
1.0,0.508244671538
1.0,0.515294480791
1.0,0.521358538619
0.0,0.45875892751
0.0,0.516300038312
1.0,0.461697603839
1.0,0.506247513479
0.0,0.520970232083
1.0,0.487587281972
1.0,0.498113919647
1.0,0.459044139692
0.0,0.492201295926
0.0,0.509130415452
1.0,0.501186038326
0.0,0.528798975162
1.0,0.534969332564
1.0,0.502986863118
1.0,0.529479948445
0.0,0.519562282183
1.0,0.498451809857
0.0,0.47130385149
0.0,0.510767721979
0.0,0.435957313718
0.0,0.525499506954
0.0,0.459831607069
1.0,0.510412231395
1.0,0.51618321236
0.0,0.474396787416
0.0,0.52995939469
0.0,0.502811276979
1.0,0.514646790228
1.0,0.511488398815
0.0,0.539398621315
1.0,0.498887874047
1.0,0.501166956571
0.0,0.522854310349
1.0,0.509884355322
1.0,0.465972619587
1.0,0.502354954594
1.0,0.502791682238
0.0,0.50581423034
0.0,0.491559402967
1.0,0.54435593456
1.0,0.509270987506
1.0,0.522028312875
1.0,0.514529356462
0.0,0.485137369182
1.0,0.510378124951
1.0,0.532983225117
1.0,0.516578720985
1.0,0.495468582771
1.0,0.504615647177
0.0,0.500550421983
1.0,0.506856336212
0.0,0.487954122075
1.0,0.53262245928
1.0,0.508392498414
1.0,0.513149126261
0.0,0.508295828456
0.0,0.553280363882
0.0,0.431628244817
0.0,0.506992123613
0.0,0.529407873507
1.0,0.507445696022
0.0,0.50332477933
1.0,0.462093948824
0.0,0.508815604204
0.0,0.503952663828
0.0,0.504207161368
0.0,0.485310986341
0.0,0.505049711715
1.0,0.484517964498
1.0,0.515420525753
0.0,0.504693887154
0.0,0.526381481502
0.0,0.484079484879
1.0,0.50273331127
1.0,0.524805288286
1.0,0.522368452119
1.0,0.519328740627
0.0,0.534118371592
1.0,0.527875563174
1.0,0.501590791225
0.0,0.438771859814
0.0,0.482385367942
1.0,0.506117017019
0.0,0.50206623841
1.0,0.531194369242
1.0,0.536967756518
0.0,0.485053004067
1.0,0.480722749496
1.0,0.483835797506
0.0,0.478480107518
1.0,0.502150619979
1.0,0.541424338744
0.0,0.532161167492
1.0,0.474635803415
1.0,0.504068929698
0.0,0.53341273573
1.0,0.514132560181
1.0,0.513507430965
0.0,0.532238052658
0.0,0.523587578424
1.0,0.508655870843
1.0,0.504001062921
1.0,0.530804041376
1.0,0.516052539604
1.0,0.511136922942
1.0,0.492439419036
0.0,0.512730528198
0.0,0.46657809205
1.0,0.551874681124
1.0,0.482688571169
1.0,0.516271394678
0.0,0.503685280243
0.0,0.475326371287
1.0,0.514463322704
0.0,0.510233704772
1.0,0.56469796081
0.0,0.522082780014
1.0,0.502740426847
1.0,0.50969025955
1.0,0.503328832525
1.0,0.477236048004
0.0,0.516501879987
0.0,0.515788489791
0.0,0.48034209036
1.0,0.519516301691
1.0,0.520613411744
0.0,0.505462056676
0.0,0.473307336694
1.0,0.497511318138
1.0,0.5088582494
1.0,0.501260348415
0.0,0.487775084245
1.0,0.52410138903
0.0,0.507645232661
0.0,0.511000916086
1.0,0.503648091149
0.0,0.512134978455
0.0,0.507639422388
1.0,0.512812985594
1.0,0.498841006697
0.0,0.506554583728
0.0,0.521870508785
0.0,0.520004504042
1.0,0.493306910675
0.0,0.516022726664
1.0,0.537773282358
1.0,0.514096516837
0.0,0.485581746964
1.0,0.486503213455
0.0,0.507385334176
1.0,0.509771371812
1.0,0.512781763768
0.0,0.51636443326
0.0,0.505826612433
0.0,0.500851950063
1.0,0.493028213677
1.0,0.532312574467
0.0,0.497121135079
0.0,0.534734262608
0.0,0.486210822249
0.0,0.480301821253
1.0,0.512288088371
1.0,0.514922123011
0.0,0.483528704185
0.0,0.514053405548
0.0,0.528488017901
0.0,0.478850811927
0.0,0.490521392996
0.0,0.497985332245
1.0,0.463199368768
0.0,0.511668221434
0.0,0.466867495301
1.0,0.509725670856
1.0,0.520164447793
1.0,0.518859411793
1.0,0.491092041545
1.0,0.514541500896
1.0,0.503944782472
1.0,0.523732357385
1.0,0.512574057457
0.0,0.489671482083
1.0,0.509404811049
1.0,0.49839283998
0.0,0.502798016556
0.0,0.515247183218
0.0,0.476237005976
0.0,0.532741805313
0.0,0.528679460236
0.0,0.510712732883
1.0,0.458247662833
0.0,0.539986247396
1.0,0.471774474605
0.0,0.474464626634
1.0,0.485518568459
1.0,0.504487559621
1.0,0.523348826039
1.0,0.479802878221
1.0,0.518819952751
1.0,0.5317276412
0.0,0.528097182668
1.0,0.520530473774
0.0,0.517314365361
0.0,0.495919898384
1.0,0.508269588734
1.0,0.485447625605
1.0,0.515659550147
1.0,0.446443592838
1.0,0.513572226902
0.0,0.51552817791
1.0,0.509657482538
0.0,0.520365079204
0.0,0.524974008479
0.0,0.491778209296
1.0,0.496879150876
1.0,0.535224341522
0.0,0.454629927463
1.0,0.486187879703
1.0,0.483143882044
1.0,0.507539460076
0.0,0.523902582567
0.0,0.514688539399
1.0,0.488739226862
0.0,0.507343945996
0.0,0.462978418379
0.0,0.500535320097
1.0,0.473800137165
1.0,0.512321961329
1.0,0.514068954278
1.0,0.509354581139
1.0,0.522660279053
1.0,0.511230460062
1.0,0.517411382885
1.0,0.518137188976
0.0,0.51891843037
0.0,0.530874608217
1.0,0.465398854811
1.0,0.417322705141
1.0,0.510004975961
0.0,0.511789369865
0.0,0.475542566515
0.0,0.508343891963
1.0,0.484712684535
1.0,0.467354697736
0.0,0.471519804994
1.0,0.524218608147
0.0,0.527409599586
0.0,0.532398117937
0.0,0.514412652545
0.0,0.484443907052
0.0,0.516199727024
0.0,0.538842029764
1.0,0.521066299353
1.0,0.520823146009
0.0,0.504111117563
1.0,0.513957299879
0.0,0.510595797897
1.0,0.448970570162
0.0,0.474969490257
0.0,0.52339829288
1.0,0.493371018878
0.0,0.516907227212
0.0,0.476507896642
0.0,0.503166053219
0.0,0.526140056052
0.0,0.519586406429
1.0,0.522055830827
1.0,0.511815010561
1.0,0.523841222567
1.0,0.483887890521
1.0,0.471601191789
0.0,0.408041308611
1.0,0.504368753269
0.0,0.498159162285
1.0,0.519600578572
1.0,0.513510688043
0.0,0.501600383554
1.0,0.454154292645
0.0,0.502560145645
1.0,0.504397645481
0.0,0.460561255615
0.0,0.52056141007
1.0,0.477733686113
0.0,0.44309740321
0.0,0.484350446313
1.0,0.531421021863
0.0,0.506163633313
1.0,0.498711944126
1.0,0.504848507746
0.0,0.531677955193
0.0,0.509589129106
1.0,0.512876640862
0.0,0.519772903302
1.0,0.460380398924
0.0,0.504159006463
1.0,0.493467880245
1.0,0.51012058526
1.0,0.52529073151
1.0,0.517452876106
1.0,0.488826533243
0.0,0.509933606381
0.0,0.51289914816
0.0,0.523467135932
1.0,0.466916269626
0.0,0.525539401801
0.0,0.509985637389
0.0,0.490407109886
0.0,0.511755320075
0.0,0.523461129729
1.0,0.523286346931
0.0,0.470226817861
1.0,0.495875886907
0.0,0.522641721496
1.0,0.530587460879
0.0,0.455412594701
1.0,0.520850424953
1.0,0.510761669305
1.0,0.51377140161
1.0,0.520360467563
0.0,0.503012870909
0.0,0.483589967453
0.0,0.474222681107
1.0,0.488450053318
0.0,0.508736611065
0.0,0.500847790878
0.0,0.505469929641
1.0,0.517935030309
1.0,0.512084755047
1.0,0.462154861791
1.0,0.525332063507
0.0,0.510899898837
0.0,0.525753218344
0.0,0.475971288913
1.0,0.512866271203
0.0,0.475686188908
0.0,0.51671828665
1.0,0.528216840288
0.0,0.465289190339
1.0,0.523949412793
0.0,0.504423574534
1.0,0.502317510761
0.0,0.524715637919
1.0,0.510917871316
1.0,0.534169644215
1.0,0.492297506627
1.0,0.521714276101
0.0,0.519517146385
1.0,0.486802567604
1.0,0.525693123665
0.0,0.397163611045
0.0,0.519789066953
1.0,0.477720775662
0.0,0.519577634221
0.0,0.501429529375
1.0,0.503542187444
1.0,0.525730807038
1.0,0.491383610261
0.0,0.489840490369
1.0,0.523881952375
0.0,0.476879110477
0.0,0.482227679033
0.0,0.503984443168
0.0,0.480953540494
0.0,0.532105209824
0.0,0.482083663652
0.0,0.487808899719
1.0,0.528966892229
1.0,0.511176409782
1.0,0.500625561967
0.0,0.483396236604
0.0,0.512046909531
1.0,0.533717544645
0.0,0.505512313087
1.0,0.542758192428
1.0,0.504072152624
1.0,0.521725075037
1.0,0.502991064781
0.0,0.520307543685
0.0,0.515420359581
0.0,0.512137959546
0.0,0.496303815434
0.0,0.443618966753
1.0,0.516953088511
0.0,0.521775652406
1.0,0.507380034736
0.0,0.476392991141
1.0,0.520993019989
0.0,0.531761315551
1.0,0.492137710845
1.0,0.52313808132
0.0,0.474837645164
1.0,0.511980241508
0.0,0.495601763438
0.0,0.538783850785
0.0,0.514043533134
0.0,0.470549576835
1.0,0.516230238506
1.0,0.514079456815
0.0,0.532336111643
0.0,0.495317314545
0.0,0.508283859796
1.0,0.511276842614
1.0,0.442362487111
1.0,0.50767616265
0.0,0.492499524599
1.0,0.486040803942
0.0,0.430824393007
1.0,0.514237348291
1.0,0.499892648338
0.0,0.489052028915
1.0,0.520537911486
0.0,0.4636877362
0.0,0.508438018111
1.0,0.531013403049
1.0,0.487560964768
0.0,0.519411285028
1.0,0.478131223801
0.0,0.453805044025
0.0,0.492943627332
1.0,0.52617521389
0.0,0.478834495801
1.0,0.524048354155
1.0,0.507003070164
1.0,0.505669451233
0.0,0.50770678504
1.0,0.505291670571
0.0,0.532975809558
1.0,0.484677721492
0.0,0.424050795043
0.0,0.508369719516
0.0,0.501034853773
0.0,0.530812034503
1.0,0.51628760354
0.0,0.518836168673
0.0,0.455141037236
0.0,0.506342678261
1.0,0.481812512807
1.0,0.523687466755
1.0,0.506057790603
0.0,0.51997339849
1.0,0.50859050987
0.0,0.50583187727
1.0,0.496722737261
1.0,0.501623975977
0.0,0.524490698906
0.0,0.50773865862
1.0,0.50667457786
1.0,0.509799585913
0.0,0.528815145826
0.0,0.522432253294
0.0,0.511769608929
0.0,0.502649265836
1.0,0.517274644159
0.0,0.512106705728
1.0,0.47978968881
1.0,0.499390088852
0.0,0.49588738719
0.0,0.506123360389
1.0,0.477676576992
1.0,0.549949314959
0.0,0.518468385626
1.0,0.538189498443
0.0,0.502192512974
1.0,0.502999136011
0.0,0.515312589374
0.0,0.412651931187
0.0,0.512968399053
1.0,0.51911166644
0.0,0.522298308116
1.0,0.523147721657
1.0,0.524770648584
0.0,0.524666780534
0.0,0.45066691808
0.0,0.513708051014
0.0,0.513622027482
0.0,0.51269728647
1.0,0.531744752223
0.0,0.517491384968
0.0,0.467501045511
0.0,0.510561152356
1.0,0.547130264238
0.0,0.506694460162
0.0,0.524922625436
0.0,0.506536858561
1.0,0.506995635513
1.0,0.519255661264
0.0,0.538305421273
1.0,0.528002290242
0.0,0.488893735644
1.0,0.525876860151
1.0,0.456122175585
1.0,0.536584218839
1.0,0.514140585645
0.0,0.50815174751
1.0,0.515945811709
0.0,0.432876371177
0.0,0.487469218408
1.0,0.522765751095
1.0,0.519957151731
0.0,0.509323742878
1.0,0.514861547082
0.0,0.537110470752
1.0,0.516460588488
1.0,0.522804960234
0.0,0.524007668949
0.0,0.516864857337
0.0,0.486696916387
0.0,0.513009558833
0.0,0.504707221029
0.0,0.506267289165
1.0,0.515362285396
1.0,0.498427728359
0.0,0.522057549605
0.0,0.502098918845
0.0,0.517102588973
0.0,0.447345331285
0.0,0.506010790452
1.0,0.520118886675
1.0,0.522460530243
0.0,0.494544741681
0.0,0.484268004966
0.0,0.500101031357
0.0,0.515083967589
1.0,0.520678071668
0.0,0.510744605209
0.0,0.507001735303
0.0,0.491788992764
0.0,0.512196542645
0.0,0.501262413998
0.0,0.500601347236
0.0,0.51240755322
1.0,0.485027616622
0.0,0.494858014238
0.0,0.513124333467
1.0,0.520289206081
0.0,0.507630162778
0.0,0.531275286525
0.0,0.523993936522
0.0,0.532493393792
1.0,0.500262134981
0.0,0.424791558762
0.0,0.515289604813
1.0,0.51098724928
0.0,0.512264129234
1.0,0.429289329948
0.0,0.487008074881
0.0,0.482600552724
0.0,0.527673721959
1.0,0.492034879659
0.0,0.505402243941
1.0,0.515243249513
1.0,0.537452677794
1.0,0.522124105607
1.0,0.554789058089
1.0,0.480236348855
0.0,0.515079990867
0.0,0.486753907772
0.0,0.517840547288
0.0,0.458220601267
0.0,0.475225121325
0.0,0.512970646302
1.0,0.518505856228
1.0,0.506459056357
0.0,0.501879367009
1.0,0.530043308707
1.0,0.516857901856
1.0,0.511188419095
1.0,0.526422775833
1.0,0.523396451732
0.0,0.502156421023
1.0,0.494215111218
0.0,0.414761646918
1.0,0.50641730132
0.0,0.517326183052
1.0,0.489623948208
1.0,0.482725573469
0.0,0.510070097978
0.0,0.498701744547
0.0,0.541833706998
1.0,0.515264943572
0.0,0.511726673658
0.0,0.498839405989
0.0,0.505098682755
1.0,0.512326342628
1.0,0.523173955492
1.0,0.48260639646
0.0,0.513636455963
0.0,0.441490860285
1.0,0.53975701532
1.0,0.508473619935
0.0,0.540648138713
1.0,0.428272814496
1.0,0.489991174006
0.0,0.521705306217
0.0,0.503671633373
1.0,0.517554013326
1.0,0.529230591961
1.0,0.528561733567
1.0,0.558808383525
1.0,0.550199860731
1.0,0.469719848085
1.0,0.520209210909
1.0,0.47949451662
0.0,0.510855470615
0.0,0.532531179913
1.0,0.507300007338
0.0,0.525207131801
1.0,0.48673129331
1.0,0.513589608135
0.0,0.48539265065
1.0,0.482520335139
0.0,0.48394565873
0.0,0.513329583938
0.0,0.546985896719
0.0,0.452539323421
1.0,0.480979560435
0.0,0.517806219539
0.0,0.519153647548
1.0,0.523367375697
1.0,0.492302240257
0.0,0.501933842715
0.0,0.469208437612
0.0,0.504022836666
0.0,0.459408260143
0.0,0.511768539669
0.0,0.46681121551
0.0,0.515869118995
1.0,0.510130049077
0.0,0.514340018696
1.0,0.50319314075
1.0,0.513583472667
0.0,0.512503836908
0.0,0.504821457373
0.0,0.509473516737
0.0,0.547851304717
0.0,0.497548169101
1.0,0.478983370358
1.0,0.475677899066
1.0,0.477400580155
0.0,0.497927021436
1.0,0.521984166281
1.0,0.522472937072
0.0,0.504718858654
0.0,0.506281143161
1.0,0.514829089327
0.0,0.510448726449
0.0,0.523583823608
1.0,0.503504615135
0.0,0.497458412708
0.0,0.522796469339
0.0,0.450618151228
1.0,0.501382043292
0.0,0.52523733086
0.0,0.516063244292
1.0,0.529318736859
1.0,0.505097099566
0.0,0.518474172791
1.0,0.493132533183
0.0,0.50059719247
0.0,0.511536769722
0.0,0.514481332561
1.0,0.513136399815
1.0,0.528298159661
0.0,0.476282944216
1.0,0.51554470644
1.0,0.522722416708
0.0,0.471202398426
0.0,0.487101410502
0.0,0.483851397553
0.0,0.522721771028
1.0,0.507796189727
0.0,0.474642402867
0.0,0.469449951523
1.0,0.508810001472
0.0,0.517692106135
0.0,0.527849806218
1.0,0.512577688599
1.0,0.55778057024
1.0,0.508479707263
0.0,0.50692093753
1.0,0.501247443207
1.0,0.516038771188
0.0,0.504346349589
0.0,0.467103888068
1.0,0.475125466659
0.0,0.517703893561
0.0,0.493721803464
0.0,0.430593636225
0.0,0.504306851068
1.0,0.507748985319
1.0,0.50360995199
0.0,0.519424466892
1.0,0.461350074938
0.0,0.51377554157
0.0,0.517856659338
1.0,0.523792238633
0.0,0.505029139061
0.0,0.515334104644
1.0,0.517815464536
1.0,0.498689509872
1.0,0.517339005094
0.0,0.50822901665
0.0,0.472352672703
1.0,0.512689382097
1.0,0.511479801441
0.0,0.525820434288
1.0,0.528442227715
0.0,0.507991754343
1.0,0.503776558916
1.0,0.49023432244
0.0,0.516281993053
0.0,0.494953398679
1.0,0.503541736618
0.0,0.491641835276
1.0,0.479948174857
0.0,0.505910046728
0.0,0.485073710757
1.0,0.522335307152
1.0,0.509192495675
1.0,0.514724440603
0.0,0.50799059321
1.0,0.518537168024
1.0,0.5315585411
1.0,0.41650616625
1.0,0.523415302015
0.0,0.505675919996
0.0,0.518348468354
1.0,0.510036354581
1.0,0.508340408739
1.0,0.510473608718
1.0,0.512831492537
1.0,0.512803735382
1.0,0.526283344953
1.0,0.496792057685
0.0,0.51147389414
0.0,0.50718323674
1.0,0.503100055583
0.0,0.514110254228
1.0,0.529107838558
1.0,0.509561456254
0.0,0.498332082156
1.0,0.505370568103
0.0,0.521111400183
0.0,0.54097097568
1.0,0.513205891163
1.0,0.500191815843
1.0,0.523731490873
1.0,0.517242770075
0.0,0.503678566918
1.0,0.521213791179
1.0,0.520457206672
1.0,0.506618803946
0.0,0.512331685333
0.0,0.500192693507
0.0,0.511437693319
1.0,0.478351528397
0.0,0.495306180959
1.0,0.50484083321
1.0,0.518019918729
0.0,0.539487970684
0.0,0.46181302011
0.0,0.465114510495
1.0,0.504374662196
1.0,0.449379615305
1.0,0.529957386396
1.0,0.48938583815
1.0,0.453435688578
0.0,0.508904031978
1.0,0.547962633474
1.0,0.43719647604
0.0,0.496497551997
0.0,0.508295353856
0.0,0.504991722083
1.0,0.520533484295
0.0,0.535278229526
0.0,0.504268320765
0.0,0.509572823755
0.0,0.484048571001
0.0,0.503713239732
1.0,0.508848063229
0.0,0.428109567606
1.0,0.529745238947
0.0,0.515127705113
0.0,0.503415169185
0.0,0.492859009597
1.0,0.490142889631
0.0,0.509718893818
0.0,0.510498429499
0.0,0.498741628535
1.0,0.51060714132
0.0,0.510251175972
0.0,0.513909050622
1.0,0.545247661502
0.0,0.518314661928
0.0,0.499470470139
0.0,0.496502203507
0.0,0.515770219049
0.0,0.50878650541
0.0,0.50122543317
1.0,0.51491397603
1.0,0.504986931573
0.0,0.508072256959
1.0,0.50058673487
0.0,0.479981574973
1.0,0.517814704948
0.0,0.518741681655
0.0,0.50163506059
1.0,0.51131274007
0.0,0.470501298317
1.0,0.527671698351
0.0,0.494431029732
0.0,0.508553408798
1.0,0.506205213146
0.0,0.539918404319
0.0,0.49695365018
0.0,0.492728719352
1.0,0.501162763706
1.0,0.496295435596
1.0,0.454943127502
1.0,0.507966959994
0.0,0.528163825465
0.0,0.518855428641
1.0,0.511748415094
0.0,0.460925282644
0.0,0.475576457658
0.0,0.491159541869
1.0,0.501237225941
1.0,0.521313440613
1.0,0.534908853704
1.0,0.476792952414
1.0,0.498287452602
0.0,0.491364775616
0.0,0.479474349621
0.0,0.507324960567
0.0,0.524221928944
0.0,0.518709718382
0.0,0.51041974164
0.0,0.500923988329
1.0,0.437582770477
1.0,0.530857054738
0.0,0.485740663144
0.0,0.46115810713
0.0,0.529345298338
1.0,0.491761512624
1.0,0.461151672595
1.0,0.489439876593
1.0,0.484301143429
1.0,0.488352831811
1.0,0.506362802068
1.0,0.504506689645
1.0,0.515098026258
1.0,0.478239984909
0.0,0.521595418058
0.0,0.479483752719
1.0,0.516281223176
1.0,0.484317307848
1.0,0.505918869053
1.0,0.523464212924
1.0,0.503766892248
1.0,0.509719278557
0.0,0.49371941618
1.0,0.530637417347
0.0,0.510298092537
0.0,0.512767471547
0.0,0.536510100775
1.0,0.486561640997
1.0,0.51387383132
1.0,0.448959994294
0.0,0.458496935423
0.0,0.48585018539
1.0,0.504879488565
1.0,0.506869554886
0.0,0.504161362282
1.0,0.522050217602
1.0,0.521378189889
1.0,0.511639289973
0.0,0.532905970932
0.0,0.452699022607
1.0,0.527050887715
1.0,0.442920461024
1.0,0.492159366622
1.0,0.5304220448
1.0,0.522824378107
0.0,0.4646963966
1.0,0.490846662248
0.0,0.510248259078
1.0,0.531253945053
1.0,0.53221586451
0.0,0.458667019743
0.0,0.494021746986
1.0,0.50772460475
1.0,0.517228109265
1.0,0.525355738373
1.0,0.538595949872
1.0,0.524398202264
0.0,0.526944305801
0.0,0.501142922068
1.0,0.473026119226
0.0,0.493994166149
1.0,0.467760290774
0.0,0.489898347217
0.0,0.512335407856
1.0,0.514492317466
1.0,0.53540822827
1.0,0.51384507962
1.0,0.511312591756
0.0,0.505115262415
1.0,0.535351984449
1.0,0.515007457576
1.0,0.532996756634
1.0,0.52557934091
0.0,0.523085989679
1.0,0.45335644736
1.0,0.519485469877
1.0,0.448375763689
0.0,0.508903709183
1.0,0.544494852385
0.0,0.506878343923
1.0,0.465872206788
1.0,0.517048742536
0.0,0.472017059036
1.0,0.521064740974
0.0,0.481629436675
1.0,0.510322491809
1.0,0.522227161574
0.0,0.508944764878
1.0,0.505040114192
0.0,0.510857824212
0.0,0.452011913593
1.0,0.540247637217
1.0,0.503151347521
1.0,0.505738932906
0.0,0.474337630062
0.0,0.482014208727
0.0,0.538262134594
0.0,0.519033858363
1.0,0.529459025588
0.0,0.522310795232
1.0,0.499679581218
0.0,0.51042255554
1.0,0.531209593355
1.0,0.448924319698
0.0,0.450758207166
0.0,0.452279126028
1.0,0.531776529034
0.0,0.527411966379
0.0,0.518286961799
0.0,0.519855186084
1.0,0.490872597651
1.0,0.486968243717
0.0,0.513750035403
1.0,0.49757777714
1.0,0.507732423863
1.0,0.528769164247
1.0,0.520382180646
0.0,0.529045079077
0.0,0.507046773545
0.0,0.501360899551
0.0,0.540316353035
1.0,0.482182223136
1.0,0.511735315236
1.0,0.517466082053
1.0,0.527968323473
1.0,0.496357649427
1.0,0.548233072817
1.0,0.50324157631
0.0,0.444466583509
1.0,0.514476636879
1.0,0.489696053806
1.0,0.543750566749
0.0,0.505566308861
1.0,0.50381265496
0.0,0.499272607038
1.0,0.495286237633
0.0,0.506742600972
0.0,0.488066618623
1.0,0.51204198258
0.0,0.491503255528
0.0,0.47294897427
1.0,0.47209669395
0.0,0.510931827713
0.0,0.507485531973
1.0,0.523720148005
0.0,0.486515260317
1.0,0.516015207005
0.0,0.410829619704
1.0,0.457833078439
0.0,0.492993110653
1.0,0.502242113057
0.0,0.505061802905
1.0,0.511746595756
0.0,0.495055082666
0.0,0.510782391489
1.0,0.450886651326
0.0,0.509811374998
1.0,0.528976159251
1.0,0.502802546254
1.0,0.514646577827
1.0,0.525868412809
0.0,0.485189263089
0.0,0.520437268858
0.0,0.504822135191
1.0,0.51979347882
0.0,0.444622504117
0.0,0.50423961475
0.0,0.520968244234
0.0,0.474380039266
1.0,0.504262104979
1.0,0.494067219781
0.0,0.522769366791
1.0,0.513805378244
0.0,0.509316333799
0.0,0.505639533464
0.0,0.445831307754
0.0,0.505119378856
1.0,0.496144259794
1.0,0.519892439859
0.0,0.501954171629
1.0,0.474138462753
1.0,0.50049450325
0.0,0.517330359884
0.0,0.503802182996
0.0,0.425851914525
1.0,0.517885571904
0.0,0.458464615091
1.0,0.506382186536
1.0,0.522038943599
1.0,0.504310943982
0.0,0.531067248528
1.0,0.483583156191
1.0,0.516498359265
1.0,0.508546997658
1.0,0.4973122091
0.0,0.52027067046
1.0,0.510237182975
0.0,0.489115135738
0.0,0.512089861119
1.0,0.503580757287
0.0,0.522699800942
1.0,0.50216278864
1.0,0.539217647856
0.0,0.506097025884
0.0,0.53147077722
0.0,0.514579435022
0.0,0.507114206937
1.0,0.516807243253
0.0,0.48894625685
0.0,0.515959524574
0.0,0.517078358244
1.0,0.508735953976
1.0,0.51058326847
0.0,0.527904886796
0.0,0.477829504777
0.0,0.519463932429
1.0,0.527505894956
1.0,0.486608661824
0.0,0.516985869306
1.0,0.521951869223
1.0,0.50579076531
1.0,0.513621254737
0.0,0.471260811785
0.0,0.520915913899
0.0,0.523294538837
1.0,0.507763653541
0.0,0.509645808397
1.0,0.491546643516
1.0,0.515513157204
1.0,0.506702315379
1.0,0.515097458994
1.0,0.505809493765
1.0,0.504182854185
0.0,0.518726925113
1.0,0.521588605561
0.0,0.508781314262
1.0,0.508669452088
0.0,0.521444655501
0.0,0.519385491378
0.0,0.520467175973
1.0,0.510626724749
1.0,0.454541252137
1.0,0.523690834907
0.0,0.513620516258
1.0,0.507176451035
1.0,0.502932354976
0.0,0.48523775877
1.0,0.476885236963
1.0,0.505349791437
1.0,0.514073712844
1.0,0.528928866846
1.0,0.51888413179
0.0,0.52264273628
1.0,0.499782826406
1.0,0.524740498073
0.0,0.522540467859
1.0,0.556244200013
0.0,0.528733841237
1.0,0.513064650799
1.0,0.517925346615
0.0,0.505927060887
0.0,0.466955992455
0.0,0.511593851661
1.0,0.52412522829
1.0,0.530797637486
0.0,0.565655196039
0.0,0.513439679151
0.0,0.522694448563
1.0,0.527362307111
1.0,0.531503989899
0.0,0.501151008397
0.0,0.493355318684
0.0,0.535569486071
1.0,0.517327701689
0.0,0.464189918923
1.0,0.42400673093
0.0,0.478459428858
0.0,0.510258937409
0.0,0.520701722672
1.0,0.467457381442
1.0,0.454454307326
1.0,0.525789967039
1.0,0.527558951688
0.0,0.492289861247
1.0,0.451317560173
0.0,0.53642942507
1.0,0.535208627505
0.0,0.484851152399
0.0,0.527393495806
0.0,0.50491352075
1.0,0.456346805869
1.0,0.545420281556
1.0,0.511141849855
1.0,0.511092910013
1.0,0.466729961407
1.0,0.469357353856
1.0,0.517692111652
1.0,0.5105756431
0.0,0.504766663056
1.0,0.516413816443
0.0,0.502592894442
0.0,0.500554853549
1.0,0.511279850192
0.0,0.544959548792
1.0,0.512255601837
0.0,0.485067279967
0.0,0.501041536665
0.0,0.514309346287
1.0,0.460653961513
1.0,0.503773405489
1.0,0.500409318426
0.0,0.492814715372
0.0,0.431615818572
0.0,0.512475742915
0.0,0.524226110322
1.0,0.513369006728
1.0,0.510076617601
1.0,0.536262746059
0.0,0.484661663784
0.0,0.474820129493
0.0,0.514790533681
0.0,0.529823979563
0.0,0.504966509932
0.0,0.483473982996
1.0,0.547433268904
0.0,0.521341641004
0.0,0.508994247802
1.0,0.51957728146
1.0,0.505085572318
0.0,0.52138966142
1.0,0.518661445381
1.0,0.513544475431
1.0,0.509648277194
1.0,0.481096235694
1.0,0.525259433428
1.0,0.523089410281
1.0,0.515428016221
0.0,0.497995883014
0.0,0.479974552368
1.0,0.497204300882
0.0,0.471505020013
1.0,0.509688289445
1.0,0.435622568534
0.0,0.484802407964
1.0,0.516624667814
0.0,0.512377718881
1.0,0.527203106067
0.0,0.474416717374
1.0,0.520950645638
0.0,0.500108388793
1.0,0.51050779269
0.0,0.478472288067
0.0,0.445591490657
1.0,0.46266937189
1.0,0.531445661524
1.0,0.508986716421
1.0,0.52703294747
1.0,0.500030626891
0.0,0.520096511714
1.0,0.409454655821
0.0,0.499879791028
1.0,0.518839037298
1.0,0.511424124579
0.0,0.492411517001
0.0,0.513908832091
0.0,0.505378557407
1.0,0.50753966989
1.0,0.52060105029
0.0,0.51194015127
1.0,0.515829114136
1.0,0.511574697669
1.0,0.484019489447
0.0,0.509529028503
0.0,0.513229425421
0.0,0.503777165231
0.0,0.483426172614
1.0,0.502316892022
0.0,0.444309080655
0.0,0.506671046529
1.0,0.481708665412
1.0,0.524821927838
0.0,0.513993669527
1.0,0.510274536839
0.0,0.517974475413
1.0,0.500637203968
1.0,0.423512338896
1.0,0.50584772754
0.0,0.512824901197
0.0,0.524983274046
1.0,0.459924236102
0.0,0.506896183428
0.0,0.513039058678
1.0,0.499711532867
1.0,0.506034886132
0.0,0.516393840552
1.0,0.506749876145
0.0,0.463252615617
0.0,0.517725479313
1.0,0.491749105417
0.0,0.507461509754
1.0,0.53103415547
1.0,0.508983475461
1.0,0.500869164935
0.0,0.505244104271
0.0,0.525189494181
0.0,0.464877928262
1.0,0.526983740926
0.0,0.486652944104
1.0,0.520513303359
0.0,0.518989127693
1.0,0.449172405087
0.0,0.532248741823
0.0,0.542474178384
1.0,0.505005808122
1.0,0.50512721164
1.0,0.451636068708
1.0,0.52654725799
1.0,0.517819350152
0.0,0.526512027969
0.0,0.509706594278
1.0,0.504746022139
0.0,0.506100279145
1.0,0.493699263915
0.0,0.51793079321
1.0,0.50873439728
1.0,0.518183120034
0.0,0.522843939683
0.0,0.517735419457
1.0,0.48668297643
1.0,0.535273649561
0.0,0.44687012948
1.0,0.507400130426
1.0,0.49972311159
1.0,0.522086023108
0.0,0.5232058292
1.0,0.489516148173
0.0,0.513622668707
1.0,0.486501644896
1.0,0.502221728419
1.0,0.550639841854
0.0,0.516174475266
0.0,0.525580356089
0.0,0.502377178309
0.0,0.514005457803
1.0,0.517365718539
0.0,0.527287952672
1.0,0.5207469316
1.0,0.516651607625
1.0,0.488578797815
0.0,0.490001576117
0.0,0.537367284963
1.0,0.487637212249
1.0,0.54260467538
1.0,0.505532458426
0.0,0.508546752887
1.0,0.504412106018
0.0,0.510681451354
0.0,0.489599819169
1.0,0.53824166571
0.0,0.528669001592
0.0,0.491506718971
0.0,0.505511545006
1.0,0.549993683035
1.0,0.527286720227
0.0,0.475170453231
1.0,0.518056856655
0.0,0.51632099131
1.0,0.532123827234
0.0,0.510745610646
0.0,0.500580774483
0.0,0.489133307127
0.0,0.532484163657
1.0,0.506825423222
1.0,0.498171222755
0.0,0.500016951032
1.0,0.496600187369
0.0,0.520696177493
1.0,0.516884808582
0.0,0.511134227051
0.0,0.518129649538
1.0,0.489343833728
0.0,0.507480623097
0.0,0.493608363028
0.0,0.510646889303
0.0,0.544516131703
1.0,0.461142098753
0.0,0.479340431704
0.0,0.451494890572
0.0,0.505644682878
1.0,0.51586420018
0.0,0.497833651799
0.0,0.463357444969
1.0,0.523460013099
0.0,0.512364209842
0.0,0.517884819961
0.0,0.510280400443
1.0,0.515275477343
1.0,0.483227251357
0.0,0.513222613593
0.0,0.515479928054
1.0,0.538285010094
1.0,0.512739115209
1.0,0.521941319361
1.0,0.515605923382
1.0,0.505707440674
0.0,0.447966918532
0.0,0.53193768393
1.0,0.500264911611
0.0,0.518336982711
1.0,0.457451296953
0.0,0.520782277304
1.0,0.505071706549
0.0,0.527434518687
0.0,0.523269019492
0.0,0.492608320325
0.0,0.488951498467
0.0,0.48791528918
1.0,0.508654151451
0.0,0.492051193581
1.0,0.522586342057
1.0,0.508766846285
1.0,0.477119332495
1.0,0.502428918282
0.0,0.512115819904
1.0,0.494517820909
1.0,0.493440019258
1.0,0.513257319806
0.0,0.501510499998
1.0,0.498008818429
0.0,0.534732605224
0.0,0.47145165558
1.0,0.481756416055
1.0,0.499614506577
0.0,0.494622189394
1.0,0.514294113623
1.0,0.523374322771
0.0,0.523187192631
1.0,0.52347745536
1.0,0.498030935716
1.0,0.535598481398
0.0,0.523037910858
1.0,0.521204211076
0.0,0.569984355048
0.0,0.515732664007
1.0,0.514804459571
0.0,0.472793614742
1.0,0.500066801375
0.0,0.480632834795
1.0,0.515314761881
1.0,0.502408624639
1.0,0.528551017393
0.0,0.479840614952
0.0,0.502575464526
1.0,0.511297480056
0.0,0.515888561388
1.0,0.525112461569
0.0,0.502747129582
1.0,0.493686150013
0.0,0.541205971321
0.0,0.503111505132
0.0,0.503164752691
0.0,0.517534841169
0.0,0.503707826248
0.0,0.533806030312
1.0,0.521998982052
1.0,0.516807270383
1.0,0.480875710278
1.0,0.521311303361
1.0,0.501702466961
1.0,0.504312826877
1.0,0.475840261632
1.0,0.514307503935
0.0,0.459421252634
0.0,0.53597784848
1.0,0.546387739321
1.0,0.508581188264
1.0,0.508315871182
1.0,0.510032722719
0.0,0.496088723916
1.0,0.518253354467
1.0,0.515626849496
1.0,0.535334455989
0.0,0.515937606952
1.0,0.528161579852
1.0,0.508434133667
0.0,0.512626304607
0.0,0.534734260585
0.0,0.501710085469
1.0,0.506807098602
1.0,0.511407043861
1.0,0.520525195939
0.0,0.505397093794
0.0,0.505961345227
0.0,0.491215589722
0.0,0.460854667252
1.0,0.509176953511
1.0,0.501439109006
0.0,0.528105163111
0.0,0.510986064132
0.0,0.498826991171
0.0,0.517834460365
0.0,0.52504550527
1.0,0.509516793811
1.0,0.501897847253
0.0,0.503048626686
0.0,0.509576299183
1.0,0.503472198998
0.0,0.448364154343
1.0,0.519417081471
0.0,0.467762924195
1.0,0.483818390051
0.0,0.458192717153
1.0,0.474474695148
0.0,0.498469927306
0.0,0.522462633789
0.0,0.513313043873
0.0,0.517128067393
0.0,0.491082830333
0.0,0.468459906689
1.0,0.509125408561
0.0,0.522481715945
0.0,0.52419224211
0.0,0.498093861273
0.0,0.507502463256
0.0,0.516759222358
0.0,0.50667134942
0.0,0.465792195603
1.0,0.5491390541
1.0,0.49828033471
0.0,0.511574466599
0.0,0.483628772982
1.0,0.514697443693
0.0,0.506360506527
0.0,0.503753068605
0.0,0.498448218876
1.0,0.525168069403
1.0,0.520496456361
0.0,0.51483287657
0.0,0.47026039055
0.0,0.516803592356
0.0,0.525312950173
1.0,0.499156219719
1.0,0.501030966126
0.0,0.526306453139
1.0,0.537536085712
1.0,0.508308982323
0.0,0.488467698877
1.0,0.504359879807
0.0,0.473403590417
1.0,0.512371409365
0.0,0.48540933962
0.0,0.502644175513
0.0,0.492391059695
0.0,0.50316725422
1.0,0.470927582794
0.0,0.509839143128
0.0,0.533614510106
1.0,0.505977948496
1.0,0.504834839984
1.0,0.486865061636
1.0,0.521564982663
1.0,0.503790093093
1.0,0.507012832158
1.0,0.518536959337
1.0,0.494621015935
0.0,0.515176613523
1.0,0.526137030511
1.0,0.51135000526
0.0,0.505388562169
1.0,0.504605461286
0.0,0.501691489422
1.0,0.45201587237
1.0,0.523236972069
1.0,0.531774069738
0.0,0.546179478519
0.0,0.515279103955
0.0,0.527048868916
1.0,0.496906623873
1.0,0.499998350295
1.0,0.462574387687
0.0,0.514726656676
0.0,0.489069137131
1.0,0.523423287569
1.0,0.537109037078
0.0,0.489947429547
0.0,0.520891726726
1.0,0.519816164532
1.0,0.485108151275
0.0,0.558826391443
0.0,0.489754453508
0.0,0.507402227299
1.0,0.511432323796
1.0,0.538714822562
0.0,0.533643238905
1.0,0.510107558721
1.0,0.481060760444
1.0,0.531801318983
0.0,0.519614283817
0.0,0.546324009869
1.0,0.491157241234
0.0,0.512023571367
1.0,0.518273484789
0.0,0.47975426228
1.0,0.436322149267
1.0,0.506563767875
1.0,0.489915029497
0.0,0.504452404862
1.0,0.482850130095
1.0,0.501468492507
0.0,0.456132573111
1.0,0.511539625937
1.0,0.52096116005
1.0,0.503251311415
1.0,0.549224589386
0.0,0.52667882595
0.0,0.501525477828
0.0,0.513779383297
0.0,0.516136840608
1.0,0.51512366251
1.0,0.488637679735
0.0,0.524612831885
0.0,0.494576797067
1.0,0.510998706602
1.0,0.520440406676
1.0,0.506816999892
0.0,0.473079034007
0.0,0.491788097405
0.0,0.421607246841
0.0,0.518915021841
1.0,0.512841790278
0.0,0.486678600574
1.0,0.526577665888
1.0,0.494166347925
0.0,0.478562382238
0.0,0.49760388931
0.0,0.44865612787
0.0,0.457844268735
0.0,0.496310493637
0.0,0.53059232531
0.0,0.503916818852
1.0,0.48748448433
1.0,0.502969126499
0.0,0.52166546086
0.0,0.411488214913
0.0,0.519162182505
0.0,0.499379002981
0.0,0.48954132369
1.0,0.526712165562
1.0,0.468776762477
0.0,0.501734045758
1.0,0.522640636462
1.0,0.512213724219
0.0,0.499528870765
0.0,0.505894016651
0.0,0.443754840238
0.0,0.505344050542
0.0,0.535062797015
1.0,0.516870101922
0.0,0.506375084876
1.0,0.513302603244
0.0,0.505451982685
0.0,0.515632668097
1.0,0.468410771709
0.0,0.46998932934
1.0,0.492207987563
0.0,0.509247120291
1.0,0.531318230558
0.0,0.524665007915
0.0,0.521978180798
1.0,0.484968816102
0.0,0.488458931329
0.0,0.509212797333
1.0,0.503218480867
1.0,0.520374431786
1.0,0.526924685591
0.0,0.510252535825
1.0,0.48001822016
0.0,0.523665179275
1.0,0.519236804121
0.0,0.509258444322
0.0,0.48673903051
1.0,0.512633496781
0.0,0.519236559936
0.0,0.511686014891
1.0,0.491809333536
1.0,0.507547103615
1.0,0.496146213298
0.0,0.51197874274
0.0,0.508642798605
0.0,0.498481848344
0.0,0.511292450103
1.0,0.517108078585
1.0,0.534047885287
0.0,0.506780411116
0.0,0.486394987861
0.0,0.475407581467
1.0,0.534555528594
0.0,0.489528180329
0.0,0.527942788752
1.0,0.481130607581
1.0,0.512809188259
1.0,0.485266584643
0.0,0.522134554305
1.0,0.523624667833
1.0,0.519549180089
1.0,0.498536739387
1.0,0.523362991545
0.0,0.53237299963
1.0,0.510573157295
1.0,0.502184483331
1.0,0.532826916503
0.0,0.510576037135
0.0,0.491618142511
1.0,0.515040841537
1.0,0.437449850468
1.0,0.523758443672
0.0,0.514063541836
0.0,0.5239449636
0.0,0.480702442616
1.0,0.512774663582
0.0,0.541176557284
1.0,0.514101828705
1.0,0.464045375865
0.0,0.493670127032
0.0,0.52272616993
1.0,0.511429647666
0.0,0.524955741271
1.0,0.525858732115
1.0,0.488252387423
0.0,0.519717390764
0.0,0.508395255986
0.0,0.500637789121
0.0,0.484286592971
1.0,0.51230053817
0.0,0.54306813187
1.0,0.49683529225
0.0,0.530283678393
0.0,0.500050851618
1.0,0.426780132015
1.0,0.523307209404
0.0,0.527817024693
1.0,0.481463368004
0.0,0.455774429903
0.0,0.509388665102
1.0,0.492569816581
0.0,0.532312142669
0.0,0.506212108895
0.0,0.500786394868
0.0,0.516864278822
0.0,0.530174486159
1.0,0.507453269361
0.0,0.456292844027
1.0,0.470757182186
1.0,0.496679912015
0.0,0.487301127359
1.0,0.508195302928
0.0,0.418412585287
0.0,0.460673917869
0.0,0.527297586156
1.0,0.520994824518
1.0,0.488372300909
1.0,0.526176325162
0.0,0.526781876669
0.0,0.498590652304
1.0,0.502028387296
1.0,0.508861600468
1.0,0.534508379686
1.0,0.523313088957
1.0,0.502977418307
1.0,0.519692917513
1.0,0.516753358043
1.0,0.518893297423
1.0,0.515322690588
0.0,0.487726327391
0.0,0.500604079637
1.0,0.486589628433
0.0,0.462963127582
1.0,0.504586712872
1.0,0.463042044488
1.0,0.513009453415
0.0,0.485885588113
1.0,0.462713053367
0.0,0.511793936835
0.0,0.52427936699
1.0,0.470978291528
0.0,0.494210253464
0.0,0.393225613608
0.0,0.485694768904
1.0,0.508252311111
1.0,0.511562147974
0.0,0.518145614072
1.0,0.510551721443
1.0,0.521675999334
1.0,0.512210615095
0.0,0.502844396319
0.0,0.503775206675
0.0,0.517972806958
0.0,0.488070278909
0.0,0.505096355934
1.0,0.506840358436
0.0,0.50892761131
0.0,0.469501919844
1.0,0.474742322448
0.0,0.528015453165
0.0,0.528696986394
1.0,0.499297881373
0.0,0.502291465495
0.0,0.477735420058
1.0,0.514518927692
1.0,0.54366490817
0.0,0.509866143042
0.0,0.503825247492
0.0,0.523501894102
1.0,0.485452466908
1.0,0.490622701322
0.0,0.540228852232
1.0,0.515758218013
1.0,0.496152202055
1.0,0.512278534247
0.0,0.541250942799
1.0,0.510024134537
1.0,0.502102380904
1.0,0.50628188315
0.0,0.505679470527
1.0,0.455384151261
1.0,0.478821001717
0.0,0.511176321018
0.0,0.521630161487
0.0,0.500117153052
0.0,0.515346011068
1.0,0.509544193984
0.0,0.521452181998
1.0,0.498058117827
1.0,0.495681809311
0.0,0.529853230036
0.0,0.485841093256
0.0,0.448036877814
0.0,0.468721783522
1.0,0.519568434277
0.0,0.531896312478
1.0,0.527361950839
0.0,0.530079942691
0.0,0.482612306023
0.0,0.50483550978
1.0,0.520709651025
0.0,0.555496737407
1.0,0.509962196598
1.0,0.461436103243
1.0,0.498940243929
1.0,0.499415643642
0.0,0.523680890198
0.0,0.527719213636
0.0,0.437051262506
0.0,0.518535040496
1.0,0.50446029865
0.0,0.518347092303
1.0,0.530484346866
1.0,0.518143924704
1.0,0.535400472134
0.0,0.498446449779
0.0,0.505056943719
1.0,0.499725752277
1.0,0.525804013537
1.0,0.50952623706
1.0,0.524140111804
0.0,0.511881342827
0.0,0.505522370856
1.0,0.512971238466
0.0,0.510888463088
1.0,0.507896400943
1.0,0.514357214987
1.0,0.504356469062
0.0,0.448514550678
0.0,0.513251315544
1.0,0.487537600235
1.0,0.511209679201
0.0,0.423941778684
0.0,0.521115813412
0.0,0.518613461266
0.0,0.513551299599
1.0,0.517480764524
0.0,0.474031706337
0.0,0.526487933005
0.0,0.496940985679
1.0,0.508671364192
1.0,0.488851808834
0.0,0.515915146515
1.0,0.493670324748
1.0,0.511778203284
0.0,0.501591021896
1.0,0.544213499174
0.0,0.521503100921
0.0,0.482853376857
1.0,0.502875333782
1.0,0.482899165993
1.0,0.503359730435
0.0,0.528525130105
1.0,0.517471169501
0.0,0.520397225258
0.0,0.501402511536
1.0,0.516498557472
1.0,0.504407799331
0.0,0.483335656267
1.0,0.482075338676
0.0,0.524008802733
0.0,0.546461122299
0.0,0.475400931332
0.0,0.510496659605
0.0,0.524247631031
1.0,0.465761920158
0.0,0.496771977176
0.0,0.509811192489
1.0,0.476325417967
1.0,0.502969975125
0.0,0.46727890968
1.0,0.519883035116
0.0,0.507165127174
1.0,0.56571561486
1.0,0.527397521674
1.0,0.467416091018
1.0,0.501549886258
1.0,0.486706049674
0.0,0.513829105794
1.0,0.527047735179
0.0,0.480704023302
0.0,0.510610180612
0.0,0.489215871003
0.0,0.481917175436
0.0,0.529772859466
1.0,0.510390494065
0.0,0.509612646329
0.0,0.510720449319
1.0,0.514018442432
0.0,0.529518178259
1.0,0.510219433921
1.0,0.518941209026
1.0,0.481560849679
0.0,0.514391803946
0.0,0.467037412273
0.0,0.510808382678
1.0,0.498999020097
1.0,0.529208799888
1.0,0.517900297527
1.0,0.508957233526
0.0,0.5219463812
1.0,0.506529069185
0.0,0.512280208324
1.0,0.522054281793
0.0,0.521332734833
1.0,0.505777207713
1.0,0.516962883957
0.0,0.510018185789
0.0,0.519806967344
0.0,0.518447051744
1.0,0.495606373248
0.0,0.509471000291
0.0,0.520503605533
1.0,0.523442027399
0.0,0.474182792948
0.0,0.495407256334
1.0,0.506379507389
1.0,0.482220032616
1.0,0.523490799537
0.0,0.498564826231
0.0,0.488888626477
1.0,0.518166715358
1.0,0.497509722964
1.0,0.520021788424
0.0,0.490484347076
1.0,0.53208049954
0.0,0.468852885467
0.0,0.498942417492
0.0,0.566703532514
1.0,0.533726951165
1.0,0.507425808827
1.0,0.491717240225
1.0,0.466463054685
0.0,0.53409750548
1.0,0.513620899664
0.0,0.478947749972
1.0,0.462883553749
0.0,0.513892332941
0.0,0.485873458421
1.0,0.511757656061
1.0,0.497522471446
1.0,0.479724808573
0.0,0.472773679683
1.0,0.476679506376
1.0,0.530309044048
1.0,0.51957926916
1.0,0.525140289416
1.0,0.509915085314
0.0,0.53485345877
1.0,0.517142043518
0.0,0.491341631242
0.0,0.50954348698
0.0,0.513482580729
1.0,0.531536314165
1.0,0.513778561891
0.0,0.512046964707
1.0,0.528780915154
0.0,0.48803668898
1.0,0.514749837372
1.0,0.518375338018
0.0,0.522842025847
1.0,0.525765657463
1.0,0.521789517968
1.0,0.509661043369
0.0,0.526642909196
1.0,0.47703711006
0.0,0.513162404431
1.0,0.512821958735
1.0,0.478025853359
1.0,0.522106273928
1.0,0.500690544676
0.0,0.486998395841
1.0,0.51727327321
0.0,0.475241857774
1.0,0.506592507451
1.0,0.496098741345
1.0,0.513772637782
1.0,0.51102393288
0.0,0.508794721234
1.0,0.531322459072
0.0,0.519958247318
1.0,0.522511256464
0.0,0.49479051051
0.0,0.511332605103
0.0,0.511694084337
0.0,0.462455403381
1.0,0.502538666413
1.0,0.48936398104
0.0,0.523119881128
0.0,0.527377560601
0.0,0.506753290889
1.0,0.527087532084
0.0,0.479624643711
0.0,0.523977246971
1.0,0.512964084688
1.0,0.517002247393
0.0,0.509556497149
1.0,0.524307418846
0.0,0.494700232504
0.0,0.509604887656
1.0,0.526231379594
1.0,0.478123386332
1.0,0.453628436356
1.0,0.513630054898
0.0,0.495266272634
1.0,0.508893165265
0.0,0.508411914341
0.0,0.508456376401
1.0,0.536424215912
1.0,0.525387620459
1.0,0.4698318495
1.0,0.472208212506
0.0,0.504342996635
0.0,0.516786695039
0.0,0.506576350243
1.0,0.490768706325
0.0,0.508927217608
0.0,0.524454108883
1.0,0.532959198026
1.0,0.504725190261
0.0,0.490647999535
1.0,0.479447122612
1.0,0.511591408093
1.0,0.516933149981
0.0,0.529960746504
0.0,0.507383275353
1.0,0.517580107467
0.0,0.517433582062
0.0,0.50483533577
0.0,0.454130121338
0.0,0.521419480057
1.0,0.495426355563
1.0,0.483087149427
0.0,0.494729093976
0.0,0.513248117732
1.0,0.519301186608
0.0,0.485845587765
0.0,0.516311188091
1.0,0.509067131834
0.0,0.535871906562
1.0,0.511694877547
0.0,0.521458508217
1.0,0.487787805364
1.0,0.521684424311
0.0,0.506126245594
0.0,0.493901752169
0.0,0.533488368129
1.0,0.482625610457
1.0,0.514627271046
0.0,0.502499255764
0.0,0.518779308998
0.0,0.535912661934
0.0,0.483208952941
1.0,0.504749992891
0.0,0.507543916989
1.0,0.522048344675
1.0,0.530442520289
1.0,0.52035399257
1.0,0.5237726783
1.0,0.535054228445
1.0,0.540152503686
1.0,0.457266401033
0.0,0.475121343586
0.0,0.453220442049
1.0,0.504223412944
1.0,0.511370749297
1.0,0.50787264805
0.0,0.497375330773
1.0,0.523228042622
1.0,0.509085974339
0.0,0.51250997477
0.0,0.538688574512
0.0,0.485328488869
1.0,0.482993010029
1.0,0.517503009761
0.0,0.497166117163
0.0,0.523741761345
1.0,0.507162298404
1.0,0.486049678316
1.0,0.505593734651
0.0,0.513356492123
0.0,0.528524111914
1.0,0.489341719999
0.0,0.525006380891
0.0,0.505846025798
1.0,0.497700113322
0.0,0.514706083072
0.0,0.531817901695
0.0,0.511735986691
1.0,0.506736653663
0.0,0.533234435656
1.0,0.484795273759
0.0,0.500011255118
0.0,0.523544856095
1.0,0.479574473315
0.0,0.525264141633
0.0,0.476910578819
0.0,0.524726021305
0.0,0.494378935387
0.0,0.488727172626
0.0,0.507869716697
0.0,0.439971587137
1.0,0.536148893082
1.0,0.492462323822
0.0,0.507043107554
0.0,0.503857931147
0.0,0.504782035406
0.0,0.506896324662
1.0,0.514536390156
0.0,0.518695775942
1.0,0.526397181584
0.0,0.51901840376
1.0,0.511415955989
1.0,0.48328676222
1.0,0.519822462336
0.0,0.443971615681
0.0,0.53369901373
0.0,0.501316452659
0.0,0.48492563704
1.0,0.50416939973
1.0,0.502483786918
1.0,0.496118190357
0.0,0.515661932654
1.0,0.523953704388
1.0,0.522780604173
1.0,0.523965125358
1.0,0.514105931269
1.0,0.518795047286
0.0,0.513576046002
1.0,0.525354947901
1.0,0.525697055162
1.0,0.521106581465
0.0,0.481032178296
1.0,0.51008330943
0.0,0.5075874028
1.0,0.476142080856
0.0,0.516533901974
0.0,0.50601308601
0.0,0.518694413034
0.0,0.470345642369
1.0,0.522656202174
1.0,0.526031885757
0.0,0.541201833473
1.0,0.551659235139
0.0,0.531594319535
0.0,0.519332619878
1.0,0.52531231447
1.0,0.476520531402
0.0,0.518909740555
1.0,0.493719959206
0.0,0.519754990871
1.0,0.526381336312
1.0,0.523925847094
1.0,0.511475894656
1.0,0.52515913141
1.0,0.478122750712
0.0,0.504508318378
0.0,0.47790887471
1.0,0.453681176931
0.0,0.493985023069
1.0,0.493496006727
0.0,0.513015234069
0.0,0.475298576622
1.0,0.523963011712
1.0,0.523069015179
1.0,0.519045303182
1.0,0.50590241786
0.0,0.501494767255
1.0,0.516492794033
0.0,0.473187869812
0.0,0.521288455662
0.0,0.52287685575
0.0,0.499675200294
0.0,0.510642184513
0.0,0.506508303689
1.0,0.49094749325
0.0,0.456821363019
0.0,0.483559547519
0.0,0.504186472355
0.0,0.498198833674
0.0,0.517834186832
0.0,0.496930226147
1.0,0.514663371412
1.0,0.520505256438
0.0,0.533129570379
1.0,0.489225598396
1.0,0.507375482336
0.0,0.520110151994
1.0,0.513339175065
1.0,0.516842680414
0.0,0.468734556927
0.0,0.516584856766
0.0,0.496231236179
1.0,0.510333135347
1.0,0.51813929749
0.0,0.542479991019
1.0,0.434337260526
0.0,0.493698985354
1.0,0.513731285821
0.0,0.413242104444
0.0,0.513300597838
0.0,0.495949476618
0.0,0.51384426792
1.0,0.52616100718
1.0,0.504020948097
0.0,0.535727999061
1.0,0.497940611888
1.0,0.515050938005
0.0,0.460118212362
1.0,0.547196677633
1.0,0.457242321918
1.0,0.5042496451
1.0,0.510569794078
1.0,0.441313428258
0.0,0.511805423386
1.0,0.52117605656
0.0,0.529574699426
0.0,0.534424785812
0.0,0.51669782232
1.0,0.504032728042
1.0,0.510067890036
0.0,0.508578915724
0.0,0.508463452832
0.0,0.512094428789
0.0,0.472656947073
0.0,0.509199290433
0.0,0.521105463157
1.0,0.504981778552
0.0,0.51806083334
0.0,0.464476223535
1.0,0.521140120839
1.0,0.50899024984
0.0,0.522366429147
1.0,0.488966700579
0.0,0.49842930531
1.0,0.438945139701
1.0,0.523789610524
0.0,0.488882125625
1.0,0.543137162534
0.0,0.524374406662
0.0,0.51927351305
1.0,0.475543356015
0.0,0.521841488245
0.0,0.516060271623
1.0,0.531134796284
0.0,0.531817794236
1.0,0.515549683765
0.0,0.506882687227
0.0,0.500893518127
1.0,0.496951999496
1.0,0.500335489107
1.0,0.525739820819
0.0,0.505930297193
1.0,0.453541653896
1.0,0.491009468895
0.0,0.533786430103
1.0,0.511568955805
1.0,0.53284087679
1.0,0.474851736451
0.0,0.503703182645
1.0,0.522800867249
1.0,0.522797294566
1.0,0.459246842148
0.0,0.511472975146
0.0,0.404127706969
0.0,0.502977728344
0.0,0.511903632374
0.0,0.49361263417
1.0,0.492577350756
0.0,0.517177812129
1.0,0.468151307801
1.0,0.454467544792
0.0,0.488857320663
1.0,0.469184430004
0.0,0.477929237666
1.0,0.555460835857
1.0,0.51531172331
0.0,0.519091293309
0.0,0.492251696118
1.0,0.51353463164
0.0,0.509053244872
0.0,0.523611434099
1.0,0.511010460806
0.0,0.480631109944
0.0,0.439604170312
0.0,0.499244408159
0.0,0.510071936722
1.0,0.517534451545
0.0,0.471077461939
1.0,0.471586494991
1.0,0.506530847955
0.0,0.499223191715
1.0,0.5157102981
1.0,0.515505291748
0.0,0.531375694468
0.0,0.518683590133
1.0,0.511676874253
1.0,0.547676148584
0.0,0.513254107747
0.0,0.516600530754
1.0,0.522001474595
0.0,0.49882838975
0.0,0.502801350067
1.0,0.524786265041
1.0,0.508734631478
1.0,0.513219364105
0.0,0.514614297132
0.0,0.480676806414
0.0,0.485045409719
1.0,0.512937107257
0.0,0.516629943665
1.0,0.497130888408
0.0,0.52031699726
0.0,0.506432456638
0.0,0.475247190917
0.0,0.483363570473
1.0,0.527998533708
1.0,0.530139885416
1.0,0.510232641005
0.0,0.49912784476
0.0,0.495382132307
0.0,0.473177225411
1.0,0.51468795945
1.0,0.514210565542
1.0,0.522274874604
1.0,0.514848629816
1.0,0.533310712928
1.0,0.514126690528
0.0,0.513638970068
1.0,0.504929989246
1.0,0.460234821217
0.0,0.504015090628
0.0,0.496737271394
1.0,0.482142809158
1.0,0.48782247438
0.0,0.498263419196
0.0,0.524443273562
1.0,0.510916599139
0.0,0.515955271365
0.0,0.480635562843
0.0,0.486130806361
1.0,0.531987355877
0.0,0.508307799926
0.0,0.47989933678
1.0,0.506507612499
0.0,0.510064264982
1.0,0.532250004989
0.0,0.48604104564
1.0,0.502971846725
0.0,0.486274381047
0.0,0.432209615572
0.0,0.466996016978
1.0,0.477588511969
0.0,0.518992734274
0.0,0.529375870066
1.0,0.478829069408
1.0,0.506253738179
0.0,0.519521288826
0.0,0.514793108357
1.0,0.523685815867
1.0,0.477895134136
1.0,0.527956811786
1.0,0.497944670729
1.0,0.519238839255
0.0,0.516288088473
0.0,0.441922160715
1.0,0.516699781882
0.0,0.487503168139
0.0,0.533262277476
1.0,0.521360447399
0.0,0.505499184804
1.0,0.526583055761
1.0,0.526378896565
0.0,0.509136548452
0.0,0.509731080342
1.0,0.508202861537
1.0,0.479306762289
0.0,0.490967307319
1.0,0.51147791902
1.0,0.534734987305
1.0,0.520592367785
1.0,0.496390754901
0.0,0.502572596567
0.0,0.432108329839
0.0,0.508347079607
0.0,0.491246731384
1.0,0.523329068372
0.0,0.530858270678
1.0,0.539118738212
0.0,0.525298787596
0.0,0.503674367101
0.0,0.49884852752
0.0,0.525896972266
1.0,0.515551311963
1.0,0.528064426281
1.0,0.513766398073
1.0,0.508494299443
1.0,0.526019857418
1.0,0.525551064021
0.0,0.520625024951
1.0,0.477728411438
0.0,0.496846811845
0.0,0.475630432287
1.0,0.514178881712
0.0,0.461343676045
0.0,0.492142272353
1.0,0.480710096672
1.0,0.483212532546
1.0,0.532117621138
1.0,0.489916918952
0.0,0.507541258392
1.0,0.514921820665
1.0,0.509379177447
1.0,0.522488788331
1.0,0.526701570132
1.0,0.503780387212
0.0,0.523259983998
1.0,0.509368224684
0.0,0.512870995824
0.0,0.533410636988
0.0,0.528426803825
0.0,0.46632916378
1.0,0.507104996739
0.0,0.529027983938
1.0,0.522555971074
0.0,0.50254001711
0.0,0.522137135313
0.0,0.461895409953
0.0,0.537810641985
0.0,0.510969882472
0.0,0.518824267021
1.0,0.500070048546
1.0,0.48084638824
1.0,0.506647828058
1.0,0.502482564906
0.0,0.487132351838
1.0,0.521678813776
1.0,0.528346607205
1.0,0.477484716023
0.0,0.473466735092
0.0,0.542583914581
1.0,0.514273538768
1.0,0.54508072615
0.0,0.511767980377
0.0,0.44479433453
0.0,0.487469979758
1.0,0.54268821813
0.0,0.508708075096
0.0,0.513303782111
0.0,0.445631518463
0.0,0.519138111329
1.0,0.546765133608
1.0,0.504622749955
0.0,0.538032446071
1.0,0.518087920879
0.0,0.463278108835
0.0,0.505448992576
1.0,0.51053254056
0.0,0.517210369793
1.0,0.504811161262
0.0,0.522301223968
1.0,0.516132386779
0.0,0.51590972857
0.0,0.486020604414
1.0,0.494314897833
0.0,0.520425082694
1.0,0.493573329591
0.0,0.482509279465
1.0,0.505549877898
1.0,0.523073245062
0.0,0.460101760732
0.0,0.451841437597
0.0,0.44078140248
1.0,0.540718096343
1.0,0.500807967527
1.0,0.518833156706
0.0,0.498398668596
1.0,0.49933855884
1.0,0.509586305499
0.0,0.444220280912
0.0,0.511252825242
1.0,0.516690244944
1.0,0.498220780398
0.0,0.512072789942
1.0,0.463049926807
1.0,0.509211925283
1.0,0.492339056248
0.0,0.477398745032
1.0,0.531719384762
0.0,0.510133841902
1.0,0.482391346681
1.0,0.457430209561
1.0,0.496281845229
1.0,0.521745540174
0.0,0.466044924641
0.0,0.519767354592
1.0,0.496361740686
0.0,0.512517680422
0.0,0.510629010556
0.0,0.527714827756
1.0,0.455941835976
0.0,0.452232758351
1.0,0.509194270151
1.0,0.518235729666
0.0,0.506767449581
0.0,0.520010882702
1.0,0.457125098223
0.0,0.510105447486
0.0,0.482010929658
0.0,0.489759606446
0.0,0.527997459577
0.0,0.458213087137
1.0,0.50452369103
1.0,0.518540262847
0.0,0.512957573166
1.0,0.506602627914
0.0,0.525302633623
0.0,0.495068467311
1.0,0.52150070785
1.0,0.463270520767
1.0,0.458361211979
0.0,0.499655922524
1.0,0.504874986499
1.0,0.504982841138
0.0,0.517889564686
1.0,0.523014941013
1.0,0.502814986677
1.0,0.526191670264
1.0,0.522744009094
0.0,0.452367104703
0.0,0.500265231292
1.0,0.495609676644
1.0,0.507492513538
0.0,0.425792149099
1.0,0.520963869294
0.0,0.513869468926
1.0,0.505189868443
0.0,0.516946303341
0.0,0.525107605257
1.0,0.436294284898
1.0,0.518580682815
1.0,0.463482215843
1.0,0.531294474134
1.0,0.53727592702
0.0,0.515253189158
0.0,0.504635694079
0.0,0.516030763242
1.0,0.507587557079
0.0,0.513975429316
0.0,0.499264660836
0.0,0.530191126131
0.0,0.548291521661
1.0,0.526738152535
1.0,0.527905526897
1.0,0.475981094422
1.0,0.537084478937
0.0,0.507455404703
1.0,0.494162200375
0.0,0.525904734919
1.0,0.503527928014
1.0,0.516949816978
0.0,0.512298971277
0.0,0.510199611632
0.0,0.521894039213
1.0,0.511777987522
1.0,0.511868273793
0.0,0.504625819514
1.0,0.519053019535
1.0,0.508629660601
1.0,0.527209494526
0.0,0.523081643339
1.0,0.512068346011
0.0,0.51045052033
0.0,0.476969714706
0.0,0.471113504691
0.0,0.531892933945
1.0,0.465025774516
1.0,0.451692216376
0.0,0.510656057545
1.0,0.518917656114
1.0,0.525228682631
1.0,0.508023362984
1.0,0.490892548888
1.0,0.495903520455
0.0,0.519216792779
0.0,0.523526022669
1.0,0.515333122621
1.0,0.522613516949
0.0,0.526243231268
0.0,0.493149199529
1.0,0.453202519699
0.0,0.513278099927
1.0,0.51143242994
1.0,0.505566101527
0.0,0.537419084404
0.0,0.527728419316
0.0,0.504538974855
1.0,0.50445271753
0.0,0.471260900295
1.0,0.511734292196
0.0,0.509749191562
0.0,0.514524043928
1.0,0.497001941453
0.0,0.482627008618
1.0,0.518420818012
1.0,0.460046741385
1.0,0.496909860859
0.0,0.488392840765
1.0,0.505999010737
1.0,0.52332791001
1.0,0.50380367774
0.0,0.501776515556
0.0,0.505131274968
1.0,0.452025175478
1.0,0.524548842418
0.0,0.482051852968
1.0,0.515316276696
0.0,0.4714698711
1.0,0.511545326589
0.0,0.463573039608
1.0,0.529580660689
0.0,0.528267542328
0.0,0.515007725908
0.0,0.530621320867
0.0,0.520183198399
0.0,0.479852033459
1.0,0.461632764679
0.0,0.512249236359
1.0,0.505665780905
0.0,0.509715930361
0.0,0.51578390419
0.0,0.471954819004
1.0,0.518309590779
1.0,0.491072188038
1.0,0.491813600973
0.0,0.513259589074
1.0,0.53164326694
0.0,0.503127904926
0.0,0.540298874731
1.0,0.529763945264
0.0,0.500885716792
1.0,0.500408576439
0.0,0.502553649523
0.0,0.514981361288
0.0,0.494134376353
1.0,0.50914740216
1.0,0.509383290157
1.0,0.494938134696
0.0,0.524380924336
0.0,0.53919982042
0.0,0.461529537808
0.0,0.478421326542
1.0,0.507713537091
0.0,0.508896885845
1.0,0.515239271042
1.0,0.495445765229
1.0,0.519519301094
0.0,0.519022030146
1.0,0.500378916618
1.0,0.505295636229
1.0,0.444088494637
1.0,0.502512043701
0.0,0.494644335425
1.0,0.502428467214
0.0,0.519706624627
1.0,0.514815204479
0.0,0.513071940019
0.0,0.505705453756
1.0,0.515589669382
1.0,0.480349707402
0.0,0.51402292871
0.0,0.492836513501
1.0,0.547541382125
0.0,0.51980948696
1.0,0.48159586229
0.0,0.501805377094
1.0,0.529122866568
1.0,0.521765880874
0.0,0.540805434598
0.0,0.487778764782
1.0,0.52012517818
1.0,0.475318652608
1.0,0.472409387271
0.0,0.496478271179
0.0,0.47576203812
0.0,0.51144803898
0.0,0.507677127645
0.0,0.497107021012
1.0,0.500141189127
1.0,0.512765423232
1.0,0.50497647973
1.0,0.458378798319
1.0,0.477152586362
0.0,0.457358745294
0.0,0.529096127523
0.0,0.505449670402
1.0,0.528392393009
0.0,0.50885831863
1.0,0.479689671799
0.0,0.505244561164
0.0,0.513238617308
0.0,0.522178227139
0.0,0.508221893105
0.0,0.492592765426
1.0,0.515341027891
1.0,0.507580222004
0.0,0.508014662804
1.0,0.496200244944
1.0,0.445921173701
1.0,0.516169547488
0.0,0.518845726235
1.0,0.512495232505
0.0,0.518544132252
0.0,0.509881731414
0.0,0.526897072917
0.0,0.520995049029
0.0,0.500352650924
1.0,0.543528508702
1.0,0.481668155912
1.0,0.507992419896
0.0,0.509042055505
1.0,0.484771135152
1.0,0.511890420814
0.0,0.523746302975
0.0,0.522415664387
1.0,0.517133161932
1.0,0.536161171126
1.0,0.505328322577
0.0,0.523995989405
0.0,0.511582497804
0.0,0.523661959253
0.0,0.505743341794
0.0,0.502693731269
0.0,0.514975159469
0.0,0.503291850067
1.0,0.50546542269
0.0,0.501583424523
0.0,0.510492236609
0.0,0.454990976449
0.0,0.504660040257
0.0,0.52761433692
1.0,0.530484384136
0.0,0.52214530425
0.0,0.469195251464
0.0,0.526974816436
1.0,0.511157225245
1.0,0.507904390304
0.0,0.515531573697
1.0,0.526054002621
0.0,0.469294005459
1.0,0.514351592832
1.0,0.507938820293
0.0,0.508152146389
1.0,0.510816384381
1.0,0.478988008269
1.0,0.506602816361
1.0,0.519549756542
1.0,0.513905385552
1.0,0.521895834738
0.0,0.506581328014
1.0,0.478079842533
0.0,0.522632601415
1.0,0.510022552795
0.0,0.516297377164
1.0,0.460493311002
1.0,0.498613070069
1.0,0.524308727526
1.0,0.516464181612
0.0,0.518279749426
1.0,0.516693133931
0.0,0.486716308757
1.0,0.484583009151
1.0,0.485256786206
0.0,0.515338690042
0.0,0.464273379642
1.0,0.519856400672
0.0,0.477203629705
0.0,0.493665908052
0.0,0.470297319086
1.0,0.543735997109
1.0,0.491893817132
1.0,0.525447176083
0.0,0.514760189957
0.0,0.508575289348
0.0,0.476906769132
0.0,0.506896027854
0.0,0.514323477818
0.0,0.511424431776
1.0,0.507882876692
0.0,0.47240973001
1.0,0.450120200989
0.0,0.503121817532
0.0,0.489792317538
0.0,0.521738574782
0.0,0.529960489194
1.0,0.507129511093
1.0,0.461824358568
0.0,0.502720158018
1.0,0.566183841728
0.0,0.470510124718
0.0,0.522982905392
0.0,0.511712919845
0.0,0.482753431629
0.0,0.512636636529
0.0,0.510803971447
1.0,0.504255314221
0.0,0.481588161771
1.0,0.516798713867
0.0,0.526191169639
1.0,0.512757842317
1.0,0.500674380908
0.0,0.482298938818
1.0,0.497568405775
1.0,0.533044046376
1.0,0.529077749988
0.0,0.470103591593
1.0,0.459035348084
1.0,0.515046672906
1.0,0.525316126493
0.0,0.500363796297
1.0,0.519372810574
1.0,0.517033085577
1.0,0.519461437035
1.0,0.481453552327
0.0,0.47569035978
1.0,0.520777332532
0.0,0.497821422186
1.0,0.529029999025
1.0,0.496259633912
0.0,0.51466635992
1.0,0.473181101351
0.0,0.514064029761
1.0,0.503357119166
1.0,0.518067561547
0.0,0.499782362408
1.0,0.490741014489
1.0,0.50678160105
0.0,0.499038670105
1.0,0.514085903854
0.0,0.506752507301
1.0,0.52202723754
0.0,0.515806839067
0.0,0.49869739012
0.0,0.506032958889
0.0,0.525430029802
1.0,0.521842102182
1.0,0.499860651167
0.0,0.507003197629
1.0,0.502494631836
0.0,0.512862659927
1.0,0.50507930159
0.0,0.467043130311
0.0,0.483891306688
1.0,0.511838531706
0.0,0.520382828796
0.0,0.505045322779
1.0,0.512924675993
0.0,0.510745567209
0.0,0.511034687298
0.0,0.514945251013
1.0,0.57125373006
1.0,0.51612551575
0.0,0.51946761961
1.0,0.519794862028
0.0,0.519216691144
1.0,0.503448673318
1.0,0.526347020628
0.0,0.499290523595
1.0,0.525058052037
1.0,0.505586176201
1.0,0.509572863858
0.0,0.507965342931
0.0,0.501256012159
1.0,0.504264002471
1.0,0.455158231287
1.0,0.514736056613
0.0,0.506480370945
0.0,0.525407998532
1.0,0.491830225823
1.0,0.530230204021
1.0,0.539206461621
0.0,0.525358474116
0.0,0.506314097493
1.0,0.533993407516
1.0,0.499742097863
1.0,0.516369211852
0.0,0.515249816827
1.0,0.535486216039
0.0,0.498068285097
0.0,0.499366733468
1.0,0.517065311233
0.0,0.502192269789
1.0,0.511583449919
1.0,0.458567211852
0.0,0.468190573752
1.0,0.486584902489
1.0,0.508299957163
0.0,0.488718273282
0.0,0.510777092491
0.0,0.520652420731
1.0,0.491528621636
1.0,0.482523166573
0.0,0.459125760214
1.0,0.51828725496
0.0,0.499982127655
0.0,0.536860576002
0.0,0.456243841639
1.0,0.5141855351
1.0,0.542472126655
0.0,0.521908857689
0.0,0.501036638386
0.0,0.492393639608
1.0,0.502391355018
1.0,0.524722918607
1.0,0.490598098138
0.0,0.49188771508
1.0,0.516527598757
1.0,0.528229716953
1.0,0.513928197235
0.0,0.535668956396
1.0,0.504549350167
1.0,0.50722716414
1.0,0.491680349742
0.0,0.500589095585
0.0,0.507138244983
0.0,0.479664119102
1.0,0.510105395831
1.0,0.501773763352
1.0,0.475860421051
1.0,0.511799104534
1.0,0.50606302067
0.0,0.517026427377
1.0,0.469599248577
0.0,0.494593044955
1.0,0.51664456737
0.0,0.468762834656
1.0,0.50619945686
0.0,0.505321099307
1.0,0.53229265025
1.0,0.509890791597
0.0,0.514895589982
0.0,0.488219066386
1.0,0.525201601596
0.0,0.518346314907
0.0,0.514005968708
0.0,0.495701896609
1.0,0.488817985981
0.0,0.495073336003
0.0,0.538323639052
1.0,0.50695302812
1.0,0.510245940327
0.0,0.48074320506
1.0,0.528443564117
1.0,0.522293833675
0.0,0.52017948218
0.0,0.533674162218
1.0,0.460474976171
1.0,0.514787107662
0.0,0.546256529246
1.0,0.515706384919
0.0,0.464768342185
1.0,0.501172307422
0.0,0.494542704802
0.0,0.51819378563
0.0,0.5264782712
1.0,0.528512665282
0.0,0.5052284872
0.0,0.503940528862
0.0,0.520162582688
0.0,0.526054312432
0.0,0.527192497099
1.0,0.519415544228
1.0,0.488094009837
0.0,0.461876835196
0.0,0.480596065611
1.0,0.511427372595
1.0,0.520702693895
1.0,0.515302071107
0.0,0.490366535084
1.0,0.52210015286
0.0,0.489880633599
0.0,0.521287848509
0.0,0.50082706252
0.0,0.508272292828
1.0,0.518676376047
1.0,0.511096500367
0.0,0.518195124847
1.0,0.521422299067
0.0,0.502779914948
1.0,0.490081011873
1.0,0.507513505235
1.0,0.425713959001
0.0,0.506965353125
1.0,0.529092165752
0.0,0.469159925219
0.0,0.510524298759
0.0,0.506083921641
0.0,0.490014876078
1.0,0.468253101133
0.0,0.520630942793
1.0,0.522490756801
1.0,0.508747542752
0.0,0.393460036549
1.0,0.524012472849
1.0,0.527954488442
1.0,0.507268804691
1.0,0.508822664433
1.0,0.512047177156
1.0,0.486609674474
1.0,0.524047090254
0.0,0.49963129111
0.0,0.479573169171
1.0,0.521029060664
0.0,0.503143710362
1.0,0.516174668666
1.0,0.48606417547
0.0,0.510097593349
0.0,0.51407383664
0.0,0.508118915465
1.0,0.506358621552
1.0,0.51171745861
1.0,0.497733619597
0.0,0.469012255199
1.0,0.488704352758
1.0,0.47633914412
1.0,0.530554128151
0.0,0.485957678321
0.0,0.506853477249
0.0,0.469264454291
1.0,0.511825484003
1.0,0.44984915414
1.0,0.503955672352
1.0,0.522849000652
1.0,0.511509685469
0.0,0.543678404801
0.0,0.505043242968
1.0,0.536971795921
1.0,0.488482697669
1.0,0.495180895606
0.0,0.507244474673
0.0,0.50062722455
1.0,0.527992834746
1.0,0.499414220631
1.0,0.526623185171
0.0,0.527573275932
0.0,0.533297128648
1.0,0.501752325608
0.0,0.519899597188
0.0,0.50717212536
1.0,0.475350828357
0.0,0.481585696951
1.0,0.506418298314
1.0,0.52751805992
0.0,0.495050685311
1.0,0.454583261427
0.0,0.469373745418
1.0,0.514091023421
0.0,0.511674155171
0.0,0.50857449767
1.0,0.517584267282
1.0,0.503896509583
0.0,0.498040230871
0.0,0.515590502416
0.0,0.513967734632
0.0,0.507272614666
1.0,0.520165828206
1.0,0.511451074009
1.0,0.510233910269
1.0,0.490761963975
0.0,0.506584370224
1.0,0.485044222619
1.0,0.530172483726
0.0,0.564576019035
0.0,0.490416303755
0.0,0.524689253225
0.0,0.529785510094
1.0,0.485214315365
1.0,0.504281737573
1.0,0.534376940003
0.0,0.521062205484
1.0,0.507183342326
1.0,0.432761411786
0.0,0.52099496236
0.0,0.49203373322
0.0,0.524611604338
1.0,0.512831441765
0.0,0.508917372151
0.0,0.526163643335
1.0,0.515309741456
0.0,0.440067029125
1.0,0.506718344078
1.0,0.534036759447
1.0,0.524207995829
0.0,0.523677538626
1.0,0.495580355926
0.0,0.519772973771
0.0,0.536904495994
1.0,0.507426735536
0.0,0.51935311486
1.0,0.527539801778
0.0,0.478437876434
1.0,0.522234255341
1.0,0.522657380144
0.0,0.50198956954
1.0,0.49995218302
1.0,0.534770696685
0.0,0.527888031699
0.0,0.513498933494
1.0,0.506711468315
0.0,0.526179102402
1.0,0.517860996762
1.0,0.537802747499
1.0,0.509811589626
1.0,0.531343412039
0.0,0.490878476211
1.0,0.507200527692
1.0,0.506794461627
0.0,0.512488106111
1.0,0.499082159043
0.0,0.527072331726
0.0,0.534094702498
1.0,0.52275464645
0.0,0.519739452149
1.0,0.500615136587
0.0,0.496556591915
0.0,0.518671390039
1.0,0.474991142308
0.0,0.453102444218
1.0,0.517558776878
1.0,0.495201399624
1.0,0.49927645016
1.0,0.511754425905
0.0,0.502317464072
1.0,0.490828639017
1.0,0.522635905449
1.0,0.518633408831
0.0,0.517665607645
0.0,0.507292414764
0.0,0.499595123411
0.0,0.491611194897
0.0,0.462722294225
1.0,0.531019195406
1.0,0.5240399055
0.0,0.497606914866
1.0,0.505167306341
0.0,0.517499176455
0.0,0.515578207676
1.0,0.520503055078
0.0,0.509386329721
1.0,0.524256668938
0.0,0.505561719237
0.0,0.490639460042
1.0,0.511034053788
1.0,0.507019850427
1.0,0.498352809702
0.0,0.514323385848
1.0,0.493173076451
1.0,0.523122688656
0.0,0.501193012486
1.0,0.479446453663
1.0,0.536437754198
1.0,0.477677636163
0.0,0.52250837769
1.0,0.511067551157
1.0,0.522293260443
1.0,0.487596256791
0.0,0.4402115245
1.0,0.477786163084
0.0,0.534748439412
1.0,0.524848761433
1.0,0.511587341329
1.0,0.516305705262
0.0,0.563411261172
0.0,0.500962069833
1.0,0.52185648348
0.0,0.51340026832
1.0,0.509610011104
0.0,0.516164766934
1.0,0.506382899583
1.0,0.511422542832
1.0,0.438006459891
1.0,0.507663858001
1.0,0.521284608594
1.0,0.51337416975
1.0,0.523793825215
1.0,0.52254520126
0.0,0.504059346368
0.0,0.51885565609
0.0,0.520542017849
1.0,0.496378254901
0.0,0.514489156007
0.0,0.522451851131
0.0,0.5074601871
1.0,0.526321407637
1.0,0.484330593534
0.0,0.499397044484
1.0,0.518469751474
0.0,0.498625944761
1.0,0.521654623888
0.0,0.530378437119
1.0,0.500899843248
1.0,0.523535723166
0.0,0.465301000295
1.0,0.487299817496
0.0,0.491905961931
0.0,0.500175712585
0.0,0.493077521557
1.0,0.525381341992
0.0,0.505222492645
0.0,0.538725445584
1.0,0.517561649489
0.0,0.515139723338
0.0,0.495699731621
1.0,0.507586889006
0.0,0.468739862146
1.0,0.542446859843
1.0,0.508741366494
0.0,0.503503851812
0.0,0.494219915422
1.0,0.527078656659
1.0,0.486941440754
0.0,0.525118619896
1.0,0.512613278893
1.0,0.525314967095
1.0,0.48718001346
1.0,0.498958866872
1.0,0.527663187715
0.0,0.493802380455
0.0,0.438597997448
0.0,0.495045518563
1.0,0.509088080891
1.0,0.528426568412
1.0,0.507730535106
0.0,0.532192951131
1.0,0.512506784224
0.0,0.527496809102
0.0,0.482026312535
0.0,0.516871127512
0.0,0.515194077557
0.0,0.538006852264
0.0,0.49674739331
0.0,0.512205833192
0.0,0.515319805852
0.0,0.515999516226
0.0,0.476587933099
1.0,0.492496523014
0.0,0.491347405182
0.0,0.47853765505
1.0,0.520902466495
1.0,0.481724641867
0.0,0.483035913945
1.0,0.512885667858
0.0,0.462328810364
1.0,0.486309459074
0.0,0.499101263012
1.0,0.514895280692
0.0,0.52122679786
1.0,0.51902702688
1.0,0.514432755385
1.0,0.490801332852
0.0,0.480538718021
1.0,0.52850004462
0.0,0.503102342495
0.0,0.460598510417
0.0,0.512466589089
0.0,0.528097866801
1.0,0.530068039954
0.0,0.527928235863
1.0,0.491463578655
0.0,0.488457756653
1.0,0.450950068982
1.0,0.516173919653
1.0,0.533826472802
0.0,0.497622434788
0.0,0.550541665666
0.0,0.525912034148
1.0,0.490712529075
1.0,0.502403261775
0.0,0.525459219486
1.0,0.540954524252
1.0,0.484104333545
1.0,0.483956317441
1.0,0.489870941341
0.0,0.526635192754
1.0,0.502529417618
0.0,0.507308471327
0.0,0.501066959024
0.0,0.505890943962
1.0,0.509154216256
0.0,0.496489224531
1.0,0.518705591485
1.0,0.520734530018
0.0,0.501777770881
1.0,0.498247091783
0.0,0.541056434631
0.0,0.498258009852
0.0,0.447749934256
0.0,0.440577383444
0.0,0.500694521693
1.0,0.474584069947
0.0,0.515023867017
0.0,0.486055227704
0.0,0.511014868748
1.0,0.537871494274
0.0,0.499412988086
1.0,0.537911369543
0.0,0.513731688882
0.0,0.50819588323
0.0,0.498649202983
1.0,0.536479185512
0.0,0.500725481476
0.0,0.523508277449
1.0,0.508080309005
1.0,0.510498064141
0.0,0.51362250687
1.0,0.518191920367
1.0,0.511809781413
0.0,0.511628690118
0.0,0.508016223903
1.0,0.53729834649
1.0,0.50893517302
1.0,0.503437663203
0.0,0.522750409595
0.0,0.535587607698
0.0,0.526479766703
0.0,0.467141807656
1.0,0.520486340104
1.0,0.486853008502
0.0,0.507732433312
1.0,0.508433484435
1.0,0.487947892628
1.0,0.545405452917
0.0,0.525159720449
0.0,0.510209324471
1.0,0.530094711633
0.0,0.51209687708
1.0,0.510688602837
0.0,0.488267302379
0.0,0.526281187705
0.0,0.511367473536
0.0,0.513444338822
1.0,0.508781436828
0.0,0.518180619715
1.0,0.516759167875
0.0,0.511755162863
1.0,0.513545770309
0.0,0.442695182886
0.0,0.510841711574
1.0,0.509294133319
1.0,0.518376415349
0.0,0.492823124556
0.0,0.485377465347
1.0,0.481638402768
0.0,0.514427944329
1.0,0.530540608918
1.0,0.499658801368
0.0,0.515863159886
0.0,0.51497474209
1.0,0.498518064837
0.0,0.5213708285
1.0,0.505023195003
1.0,0.515507727292
1.0,0.522707063942
0.0,0.510841009395
1.0,0.51126407879
1.0,0.496323608232
0.0,0.508018178203
1.0,0.534502277465
1.0,0.452259174745
0.0,0.490510720708
0.0,0.473409119922
1.0,0.512691058895
1.0,0.506672157652
1.0,0.52504727098
0.0,0.536920535534
1.0,0.530300447061
1.0,0.506719267525
0.0,0.503370922774
0.0,0.533293530962
1.0,0.527458094131
1.0,0.501704503755
0.0,0.509895098588
1.0,0.541885084099
0.0,0.52258270708
1.0,0.470315327048
1.0,0.529765760638
0.0,0.512598152902
1.0,0.531695893564
0.0,0.509182836369
1.0,0.513545152605
1.0,0.514441298821
1.0,0.519968571236
0.0,0.481847529812
1.0,0.508563902877
0.0,0.508923641334
0.0,0.498117532251
0.0,0.494121225345
1.0,0.524967145008
1.0,0.528812905066
1.0,0.530919948677
1.0,0.538781171232
1.0,0.534716490185
0.0,0.494829497306
1.0,0.506320860989
0.0,0.474907149022
0.0,0.537139725677
0.0,0.479139519115
0.0,0.506269848172
0.0,0.519281319703
0.0,0.512068170343
0.0,0.493949191335
1.0,0.512711805828
1.0,0.509130069266
1.0,0.436937617784
1.0,0.530390424859
1.0,0.507556606372
0.0,0.517439994658
1.0,0.498677926567
1.0,0.510933081834
0.0,0.465233516017
0.0,0.501720872839
0.0,0.487344913385
0.0,0.521421241935
0.0,0.501325308167
1.0,0.507492544274
0.0,0.48361968947
1.0,0.53731834555
1.0,0.517292913166
1.0,0.483845178418
0.0,0.439447340063
0.0,0.496888154999
1.0,0.516156433947
0.0,0.499325702374
1.0,0.523828336253
0.0,0.504636748248
1.0,0.526521579331
1.0,0.509462832948
1.0,0.52301789375
0.0,0.525457553568
0.0,0.487033050251
0.0,0.526562675875
1.0,0.524525489425
1.0,0.443563105787
1.0,0.491152864546
1.0,0.483739216504
1.0,0.527754315543
0.0,0.527653718792
0.0,0.546479022546
1.0,0.528209193335
1.0,0.49583120564
0.0,0.518567215891
1.0,0.460194557278
1.0,0.469561831215
0.0,0.515971902668
0.0,0.518331810072
1.0,0.523749476007
0.0,0.477270548052
0.0,0.468881861626
0.0,0.507997240638
1.0,0.506605088499
0.0,0.485956907259
1.0,0.541238924484
0.0,0.52977091772
0.0,0.519586158956
0.0,0.462974248895
1.0,0.520796556242
0.0,0.433313078158
0.0,0.503955465599
0.0,0.512848615305
1.0,0.477102890705
1.0,0.513096687372
0.0,0.514663742734
0.0,0.473412232713
0.0,0.497679292305
1.0,0.522155164261
1.0,0.490170924527
0.0,0.49236885671
0.0,0.475073977973
0.0,0.496808819798
1.0,0.510570226298
1.0,0.503383253582
1.0,0.503597991229
1.0,0.521844499393
0.0,0.493585124505
0.0,0.506929896712
1.0,0.502005515604
0.0,0.51278177458
0.0,0.476363809656
0.0,0.511450343394
1.0,0.51519268159
0.0,0.52382742069
0.0,0.514214002388
1.0,0.496926415361
0.0,0.512053299113
0.0,0.494567031588
0.0,0.503059633668
0.0,0.518590897731
1.0,0.514089919234
1.0,0.488242895901
0.0,0.48191313455
1.0,0.471351170971
0.0,0.526034759382
1.0,0.516718300588
1.0,0.506345468805
0.0,0.510344960499
0.0,0.511063090231
0.0,0.483702459587
0.0,0.465186749201
0.0,0.499348220534
0.0,0.530283028127
0.0,0.52597633601
0.0,0.520496413593
0.0,0.483688081653
1.0,0.510480629628
1.0,0.529530615662
0.0,0.492927081648
0.0,0.479063080176
0.0,0.47043784073
0.0,0.509752368082
0.0,0.513377326856
1.0,0.485536122261
1.0,0.502932552513
1.0,0.459236452072
1.0,0.508494130443
0.0,0.494954798417
0.0,0.498506752011
1.0,0.516649983418
1.0,0.50671885163
0.0,0.515667443171
1.0,0.503551498815
0.0,0.504362158037
1.0,0.478485062775
0.0,0.5269645897
1.0,0.490765994001
1.0,0.529047642391
1.0,0.477734209127
0.0,0.501822387505
1.0,0.527652145104
1.0,0.525824729644
0.0,0.507614082422
0.0,0.500693232978
1.0,0.52257535642
0.0,0.509977675408
0.0,0.474949496115
0.0,0.492832300653
0.0,0.519625605635
0.0,0.488942675676
0.0,0.480594466623
1.0,0.518088655562
1.0,0.527153938878
0.0,0.528614066427
0.0,0.500398567463
1.0,0.510618224564
0.0,0.519336767062
0.0,0.497493988209
0.0,0.522542684202
1.0,0.505853148863
1.0,0.528804495539
1.0,0.554979298262
0.0,0.497720908
0.0,0.52261489413
0.0,0.51313497325
1.0,0.525053387606
1.0,0.53499157412
0.0,0.477231986576
1.0,0.48041073485
1.0,0.506294473802
0.0,0.535611147797
1.0,0.502955440175
0.0,0.509318157149
1.0,0.505654168499
1.0,0.551072171152
0.0,0.469051300519
0.0,0.488314396542
1.0,0.468869508125
1.0,0.479417559636
0.0,0.519281828003
0.0,0.503886236183
0.0,0.525857660311
1.0,0.525912506785
1.0,0.501703713919
0.0,0.501686184689
0.0,0.507863672596
1.0,0.447967343355
0.0,0.4828791157
1.0,0.494905114312
1.0,0.518066514374
0.0,0.521915402749
1.0,0.515381715624
1.0,0.490084847868
0.0,0.507507652842
1.0,0.500409064757
1.0,0.513425779147
0.0,0.53512773124
1.0,0.462373971338
1.0,0.502562335329
1.0,0.501844006913
0.0,0.445246624541
0.0,0.507761022359
0.0,0.52074147676
1.0,0.531654096996
0.0,0.501220724332
0.0,0.492697343102
0.0,0.525934448608
0.0,0.439185621169
0.0,0.427857652614
1.0,0.505399187114
0.0,0.485199499088
0.0,0.420652010633
1.0,0.514227969439
0.0,0.49084994775
1.0,0.532424087915
0.0,0.510674777899
1.0,0.516332063838
0.0,0.46648121814
1.0,0.524315977779
0.0,0.45441500506
0.0,0.510888821828
0.0,0.485633703578
1.0,0.50498179252
0.0,0.442869922434
1.0,0.534902183587
0.0,0.529809267933
0.0,0.51214362194
1.0,0.530301597021
1.0,0.466946862099
0.0,0.507058786667
1.0,0.508874756718
0.0,0.508610155079
0.0,0.51232035246
0.0,0.512334050672
0.0,0.393973610928
1.0,0.530131893141
1.0,0.5164785771
0.0,0.526557067985
1.0,0.537139328051
1.0,0.503083805165
1.0,0.522784802666
0.0,0.508595234637
1.0,0.49184600934
0.0,0.466606186202
1.0,0.509767850977
1.0,0.480804465318
1.0,0.517176449442
1.0,0.436322467038
1.0,0.506215708577
1.0,0.557069326473
0.0,0.462964307137
1.0,0.5087702637
0.0,0.510472834769
1.0,0.494932484266
0.0,0.5268081133
0.0,0.485373057171
1.0,0.513320889301
0.0,0.498594237776
1.0,0.520257044765
1.0,0.503311174709
1.0,0.512940788431
0.0,0.507776916019
1.0,0.537888568113
1.0,0.509010223587
1.0,0.511351676665
0.0,0.478488303733
0.0,0.508494930487
1.0,0.505009655531
0.0,0.517023949208
0.0,0.481173542688
1.0,0.427095168626
1.0,0.411966363355
0.0,0.518562142763
1.0,0.503946245844
0.0,0.493087807531
0.0,0.516354633855
1.0,0.491306108749
0.0,0.522464324517
1.0,0.500362660005
1.0,0.544732026107
0.0,0.525074384246
0.0,0.43992420175
0.0,0.517654978256
0.0,0.486040424348
0.0,0.493962973238
1.0,0.50867114799
0.0,0.518216608488
0.0,0.485669033847
0.0,0.527832381359
1.0,0.517817144284
1.0,0.50244424072
0.0,0.493385033141
0.0,0.511214837127
1.0,0.504782901401
1.0,0.472181677388
1.0,0.522156017588
1.0,0.524544748319
0.0,0.51277565795
0.0,0.479794278621
1.0,0.514880022375
1.0,0.52306320488
0.0,0.535769371999
1.0,0.493559930053
1.0,0.489184501917
1.0,0.535372504441
0.0,0.48585433246
0.0,0.480324181829
1.0,0.535100066348
1.0,0.522773028538
0.0,0.511058581072
1.0,0.498666367388
0.0,0.463603745299
0.0,0.501154111722
0.0,0.510695592132
0.0,0.530073004492
0.0,0.477903341954
1.0,0.480090602137
1.0,0.524319272132
1.0,0.511598136295
0.0,0.481422204423
1.0,0.510597008154
0.0,0.542392438693
1.0,0.429222346011
0.0,0.508696206473
0.0,0.500451372546
1.0,0.504436023512
0.0,0.512434469679
0.0,0.51895642448
0.0,0.518665366396
1.0,0.521473654716
0.0,0.54336077612
1.0,0.493006218004
0.0,0.512683490627
1.0,0.537869668078
1.0,0.509882420289
1.0,0.511005068062
1.0,0.518208761226
0.0,0.523697007188
0.0,0.44954471233
0.0,0.520887804726
1.0,0.523020896486
0.0,0.51840014754
1.0,0.494202014418
1.0,0.501320932548
0.0,0.467298313183
1.0,0.479054549151
0.0,0.458164917751
0.0,0.396062846382
1.0,0.522792506286
0.0,0.51331024495
0.0,0.515412650353
0.0,0.51192941697
1.0,0.470953658446
0.0,0.512018708867
1.0,0.45535198432
1.0,0.552794774339
0.0,0.512628328207
0.0,0.511347408169
1.0,0.444680144643
1.0,0.52318260384
1.0,0.484617547755
1.0,0.518662358001
1.0,0.502701568243
0.0,0.50818709533
1.0,0.438326021855
1.0,0.416208099345
0.0,0.508981048064
1.0,0.518505159533
0.0,0.518734559403
1.0,0.514403096892
1.0,0.517967610739
1.0,0.527099786903
1.0,0.51433094814
0.0,0.519075470775
1.0,0.498835045362
0.0,0.515190392059
1.0,0.517331250369
0.0,0.522316014981
1.0,0.513686444446
1.0,0.516053313579
0.0,0.482676055883
0.0,0.494207798671
0.0,0.514411578052
1.0,0.479228705357
0.0,0.514855359916
0.0,0.505766299868
1.0,0.502774445831
0.0,0.518929999421
1.0,0.529201247792
1.0,0.418599242452
1.0,0.509481036967
1.0,0.481262036498
0.0,0.482689417282
0.0,0.463643907165
0.0,0.486671090506
0.0,0.491303404647
0.0,0.501146393698
0.0,0.479659251382
1.0,0.51801937036
1.0,0.519649739148
0.0,0.454818387733
1.0,0.542587680754
0.0,0.498489264197
1.0,0.508090797439
0.0,0.45545522726
1.0,0.481520531869
1.0,0.511878335344
0.0,0.465505793198
1.0,0.503958134327
0.0,0.504522634722
1.0,0.555294117292
1.0,0.523078347948
1.0,0.504662628234
0.0,0.485899458637
0.0,0.536761363983
1.0,0.505690413166
0.0,0.507001583626
0.0,0.508031000537
1.0,0.52978469938
1.0,0.519205663717
0.0,0.516590001651
1.0,0.51483604475
0.0,0.472290550441
0.0,0.528908176746
1.0,0.509318387734
0.0,0.488638421209
0.0,0.479923749375
0.0,0.510852082497
1.0,0.502812637331
1.0,0.448437669928
1.0,0.513899123454
0.0,0.528509288319
1.0,0.495308887675
1.0,0.457286376594
1.0,0.499500801636
0.0,0.500839653024
1.0,0.497582503537
1.0,0.476896956615
0.0,0.510021538244
1.0,0.521987518951
0.0,0.518832849445
1.0,0.527680901977
0.0,0.515261601424
0.0,0.51485074869
1.0,0.526780222053
1.0,0.53827798062
1.0,0.427694636517
0.0,0.507966897432
1.0,0.518719767847
1.0,0.518688952992
0.0,0.489966808512
1.0,0.488365255947
0.0,0.50506798578
1.0,0.522998979034
0.0,0.49995901623
0.0,0.527997640762
0.0,0.511016626318
1.0,0.513099017125
0.0,0.507181291675
0.0,0.495228766375
0.0,0.495505032284
1.0,0.521242397966
1.0,0.511355948712
1.0,0.503001199542
0.0,0.441385829305
0.0,0.507865391067
1.0,0.540920101004
1.0,0.526002811673
0.0,0.414973402853
1.0,0.479457561632
0.0,0.528707713537
1.0,0.48332352099
1.0,0.468363321566
0.0,0.476344975399
1.0,0.522561803407
1.0,0.516027392368
0.0,0.520291779829
1.0,0.530852903074
1.0,0.519396035938
1.0,0.515266921005
1.0,0.493574378424
1.0,0.528669523902
0.0,0.482516648733
0.0,0.505231969337
0.0,0.510533776658
1.0,0.51682230596
0.0,0.516675058527
0.0,0.52613647308
0.0,0.519436115941
1.0,0.476886391941
1.0,0.512012858268
1.0,0.499492885337
0.0,0.478732956693
1.0,0.505220998645
1.0,0.505796004848
0.0,0.507571928554
1.0,0.525448665404
1.0,0.511992531489
1.0,0.537807262859
1.0,0.513388676182
0.0,0.472365475798
1.0,0.510494708653
1.0,0.466878562178
1.0,0.508839325348
0.0,0.47123217331
0.0,0.508103429043
0.0,0.48454779199
0.0,0.518485424094
1.0,0.506015348702
1.0,0.528508208133
0.0,0.484975735333
1.0,0.523044001101
1.0,0.495805302111
1.0,0.514429512285
1.0,0.499812959273
1.0,0.525549466407
0.0,0.510887246058
1.0,0.498187324726
1.0,0.534745926188
1.0,0.526856314888
1.0,0.509448987122
0.0,0.519411387688
0.0,0.510960406828
1.0,0.502303938058
1.0,0.438198058634
0.0,0.517368479521
1.0,0.504531668226
1.0,0.488325670186
1.0,0.480041992611
1.0,0.514732173584
1.0,0.477713168861
1.0,0.502627324597
1.0,0.521351972748
0.0,0.506669906012
1.0,0.522836808912
0.0,0.52128312327
1.0,0.511281871403
1.0,0.520489749194
0.0,0.516088592651
0.0,0.529061674415
1.0,0.503467777229
1.0,0.542878367881
1.0,0.491901930607
1.0,0.480223725802
1.0,0.511898386826
0.0,0.480613859641
1.0,0.517135232204
1.0,0.513692687875
1.0,0.499496812449
0.0,0.484624698172
0.0,0.507259718115
0.0,0.523411527826
1.0,0.508947493279
0.0,0.514950706083
0.0,0.530168770113
1.0,0.534586762539
1.0,0.451172985861
0.0,0.500246115296
0.0,0.522909648285
0.0,0.501699729045
1.0,0.519307264519
0.0,0.513304577373
1.0,0.498654543149
0.0,0.479227013775
1.0,0.522962117973
1.0,0.499048404753
0.0,0.475481861033
0.0,0.513386663224
0.0,0.487985661723
0.0,0.529052237253
0.0,0.499025298745
0.0,0.503392047165
1.0,0.507284312916
0.0,0.496149190522
1.0,0.520489763875
0.0,0.51005655141
0.0,0.493036432228
1.0,0.506894587795
1.0,0.527198169723
0.0,0.484667102908
1.0,0.503065609475
0.0,0.50727477175
0.0,0.507172363602
0.0,0.518697968582
0.0,0.500730921768
1.0,0.502831556544
0.0,0.518495832348
0.0,0.519832302964
0.0,0.515980473445
1.0,0.524974406267
1.0,0.515393319675
0.0,0.489141959819
0.0,0.451136609489
0.0,0.510320005386
0.0,0.497527812524
1.0,0.533291370615
0.0,0.466606423511
0.0,0.514414048932
0.0,0.524044501491
0.0,0.520243306219
0.0,0.46294891697
1.0,0.529864678898
0.0,0.497454643106
1.0,0.522425588369
0.0,0.495776889571
0.0,0.501654050001
1.0,0.493863537313
1.0,0.494983422273
0.0,0.506552917123
1.0,0.491168430813
0.0,0.52825588721
0.0,0.49639097256
0.0,0.507999891943
0.0,0.521363110135
0.0,0.498476686201
0.0,0.521570738591
0.0,0.511767414689
0.0,0.512247456064
0.0,0.509275804723
0.0,0.470427758746
1.0,0.516677251517
0.0,0.517029432828
0.0,0.514899211935
1.0,0.40889025902
1.0,0.490175271166
0.0,0.471870981705
0.0,0.505903424823
0.0,0.49778356496
0.0,0.504002701644
0.0,0.513721761198
0.0,0.540274178681
0.0,0.489025031687
0.0,0.5182807975
0.0,0.491016727061
0.0,0.511214715288
1.0,0.510914154059
1.0,0.50939790426
1.0,0.549146593857
0.0,0.496036146275
0.0,0.497062710274
1.0,0.495719652746
1.0,0.49786909279
1.0,0.52044131019
1.0,0.515513445333
1.0,0.524128276849
1.0,0.506070575398
1.0,0.478532755478
0.0,0.519693516158
1.0,0.475913463076
1.0,0.51204633675
0.0,0.508112166513
0.0,0.496113708441
1.0,0.509998467567
1.0,0.520475591041
0.0,0.492324876092
1.0,0.504336392257
1.0,0.526779222022
1.0,0.510715706761
1.0,0.518476499566
1.0,0.507400933876
0.0,0.523316427374
1.0,0.51010035726
0.0,0.500332760094
0.0,0.51764600612
1.0,0.533403297479
1.0,0.447828842179
0.0,0.507116504975
1.0,0.512725322682
1.0,0.513616119144
0.0,0.436547659728
0.0,0.513210246799
0.0,0.502154226246
0.0,0.497411804028
0.0,0.504305999639
0.0,0.508062030945
1.0,0.486378198543
0.0,0.507671297095
1.0,0.524195507576
1.0,0.5052906305
0.0,0.499019466909
1.0,0.556164795902
1.0,0.524859164186
1.0,0.505540829204
0.0,0.523229746458
1.0,0.508541439291
0.0,0.498206902946
1.0,0.487201731457
1.0,0.510289604005
1.0,0.51206293884
1.0,0.482785960999
0.0,0.511352094912
0.0,0.519207242854
0.0,0.512693040158
0.0,0.480697287463
1.0,0.497675133056
1.0,0.536856829711
1.0,0.512075086648
1.0,0.488542009944
0.0,0.520535795695
1.0,0.508724595146
0.0,0.499549756093
1.0,0.532592355209
1.0,0.507472887964
1.0,0.522638842648
1.0,0.525438478101
0.0,0.523947775486
0.0,0.512573369471
0.0,0.496055337006
0.0,0.513257195147
1.0,0.504253291655
1.0,0.508741660577
0.0,0.505312107333
1.0,0.523202429402
1.0,0.515681133689
0.0,0.509945508094
1.0,0.439019657229
0.0,0.517834868635
0.0,0.477461499203
1.0,0.496861072285
0.0,0.450475501372
1.0,0.526981440925
1.0,0.501840322977
0.0,0.448788706789
0.0,0.528747756533
0.0,0.502748140627
1.0,0.520298700327
0.0,0.532227486762
0.0,0.5074982748
1.0,0.512145875231
1.0,0.423720543314
1.0,0.482607700119
1.0,0.519533729479
1.0,0.523439229398
0.0,0.464033402134
1.0,0.538229382475
1.0,0.481960917091
0.0,0.532658417736
1.0,0.447626235487
0.0,0.467147174549
0.0,0.526283012379
1.0,0.525584553501
0.0,0.50940490008
0.0,0.483128126988
0.0,0.421502994754
0.0,0.520594203714
1.0,0.499550216619
0.0,0.499765530236
0.0,0.506020621055
1.0,0.558082937773
0.0,0.51427621688
0.0,0.494139820442
0.0,0.516943226316
1.0,0.524311719388
1.0,0.458123379885
1.0,0.50452336596
1.0,0.510442387024
1.0,0.503751752676
1.0,0.509679929643
0.0,0.551350056898
1.0,0.520403959839
1.0,0.516103357784
1.0,0.522636965263
0.0,0.495505410124
1.0,0.513579842753
1.0,0.490381412342
1.0,0.520695008466
1.0,0.522544673025
0.0,0.501077321508
1.0,0.508130225779
0.0,0.451381249798
0.0,0.500097213854
0.0,0.468657906592
1.0,0.510772402893
1.0,0.507693843819
0.0,0.523483930075
0.0,0.515900317953
1.0,0.515400494017
0.0,0.501581397075
0.0,0.488299378239
1.0,0.533193066022
1.0,0.497754299054
1.0,0.513508779211
1.0,0.505654393889
1.0,0.471918235523
1.0,0.489090314397
0.0,0.509707207599
1.0,0.527204569551
0.0,0.475802785682
1.0,0.522014369748
0.0,0.519297816482
0.0,0.526982243591
1.0,0.516554732639
0.0,0.511818337544
1.0,0.463645011438
1.0,0.50384491103
1.0,0.462735063472
1.0,0.523698201017
0.0,0.508264856336
1.0,0.521276105551
0.0,0.485464744806
0.0,0.50094518609
1.0,0.525677712315
0.0,0.448355063816
1.0,0.512809087518
1.0,0.512758197369
1.0,0.458115349801
1.0,0.517628530316
0.0,0.47554793888
1.0,0.491361244209
0.0,0.495979148907
0.0,0.50079653931
0.0,0.496267585437
0.0,0.50381823898
1.0,0.50173885627
0.0,0.507468643551
1.0,0.46285061515
1.0,0.500409651853
0.0,0.478630448252
0.0,0.51926210637
1.0,0.432080357217
0.0,0.457751962099
0.0,0.488420701287
1.0,0.511665731202
1.0,0.527318973988
0.0,0.501437751803
0.0,0.517292196011
1.0,0.466081935903
1.0,0.520710654525
1.0,0.46842906396
1.0,0.500796521974
0.0,0.515023915169
1.0,0.527996992325
0.0,0.50957324246
1.0,0.536454773949
0.0,0.523011418303
1.0,0.498733458758
0.0,0.500381634041
0.0,0.533639502729
0.0,0.517453506357
1.0,0.527908995037
0.0,0.481872487148
1.0,0.49390799944
0.0,0.507857705458
1.0,0.503239839371
0.0,0.518022905654
0.0,0.515818607892
1.0,0.503619602191
1.0,0.508231760994
1.0,0.508625774634
0.0,0.505872922698
0.0,0.514003101979
0.0,0.516845714736
1.0,0.507689672965
0.0,0.511676388426
1.0,0.508351735068
0.0,0.513622528979
1.0,0.516012316818
1.0,0.526840182806
1.0,0.513020086686
1.0,0.511518735143
0.0,0.500962183571
0.0,0.504483122841
0.0,0.494900819049
0.0,0.525038651582
1.0,0.459261145851
1.0,0.415326066925
1.0,0.489890080399
1.0,0.524726950435
0.0,0.521163929847
1.0,0.485121150268
1.0,0.514239085414
0.0,0.516788709734
0.0,0.512856601292
1.0,0.504522682541
0.0,0.531213360719
1.0,0.505299184395
1.0,0.506303671973
1.0,0.52552631593
0.0,0.456745962874
0.0,0.50796445173
0.0,0.518064312364
0.0,0.521373412463
0.0,0.530608967985
0.0,0.474787408044
1.0,0.511226581518
1.0,0.523907242773
1.0,0.426566566483
0.0,0.457077446847
1.0,0.459381173232
1.0,0.520908788975
1.0,0.524636012324
1.0,0.544679071685
1.0,0.517646211129
1.0,0.469497605373
1.0,0.515158137462
1.0,0.512733297921
0.0,0.503792257764
0.0,0.509242364865
0.0,0.508024590064
0.0,0.482656940258
0.0,0.525103516783
1.0,0.478482131341
1.0,0.506235423559
0.0,0.52949345046
0.0,0.459147876856
1.0,0.509124196416
1.0,0.519550653456
1.0,0.465815458054
1.0,0.526572127324
0.0,0.502276572314
0.0,0.495835759916
0.0,0.481329573079
0.0,0.48964102728
1.0,0.482028274483
1.0,0.506529825489
1.0,0.490974532507
0.0,0.533823187297
1.0,0.505134965116
1.0,0.498523558979
0.0,0.48302656379
1.0,0.514271882895
1.0,0.510572528001
0.0,0.52272394249
1.0,0.503223045568
1.0,0.469436900782
0.0,0.499190598502
0.0,0.485171721428
1.0,0.521299706547
1.0,0.520494722216
0.0,0.521853613496
1.0,0.512644681684
0.0,0.524369378579
1.0,0.52057924409
0.0,0.490664376407
1.0,0.512164957652
0.0,0.515794312586
0.0,0.510215231742
1.0,0.505662087228
1.0,0.501461063241
1.0,0.465010531886
0.0,0.510234766726
0.0,0.532298062965
1.0,0.508248516191
0.0,0.513504964252
1.0,0.522809562111
0.0,0.510178755675
0.0,0.490861515378
1.0,0.52974126312
0.0,0.52110167464
0.0,0.502680262332
1.0,0.511590153211
1.0,0.507286100387
1.0,0.473403628756
1.0,0.478571914187
1.0,0.520978196644
0.0,0.495594875746
0.0,0.519593409171
0.0,0.522014398762
0.0,0.497238616296
1.0,0.523326960355
1.0,0.516420771346
1.0,0.457453950189
0.0,0.523422232032
0.0,0.493682561563
0.0,0.516342649856
0.0,0.490862843969
1.0,0.497240024911
0.0,0.502440256471
0.0,0.427180043713
1.0,0.485673870515
1.0,0.505261194658
0.0,0.542766709891
1.0,0.518303884911
0.0,0.533358116556
1.0,0.506550146791
0.0,0.53581270433
0.0,0.517496537674
0.0,0.520189283114
0.0,0.491762400089
0.0,0.477939236542
1.0,0.521046927853
0.0,0.521346660107
1.0,0.517032762895
1.0,0.523252915433
0.0,0.489014652237
1.0,0.518990854307
1.0,0.55304323645
1.0,0.506153774353
1.0,0.527677508243
0.0,0.494068730892
1.0,0.516867588212
0.0,0.49624700513
0.0,0.484545075765
0.0,0.496219664389
1.0,0.491579514091
1.0,0.489445528346
1.0,0.477014218106
1.0,0.52981107752
1.0,0.525622060441
1.0,0.510581198654
0.0,0.46863446099
0.0,0.480772011986
0.0,0.506492055555
0.0,0.516015260327
0.0,0.489948466659
1.0,0.498046191686
1.0,0.507584008649
0.0,0.51055090176
1.0,0.508129542669
0.0,0.512414431602
1.0,0.500366764974
0.0,0.48687490366
1.0,0.521342665924
1.0,0.513561143965
1.0,0.510883406085
0.0,0.510157426688
1.0,0.548416851968
0.0,0.487809650557
1.0,0.516286342344
0.0,0.505443987143
1.0,0.506320513588
0.0,0.523911808735
0.0,0.522543534347
1.0,0.525746375992
0.0,0.514384438178
1.0,0.51716959881
1.0,0.52924029466
0.0,0.515895899353
1.0,0.481225365273
1.0,0.528122755209
1.0,0.413539623083
1.0,0.51850505328
0.0,0.518146847804
1.0,0.508806322613
0.0,0.524101515676
0.0,0.512616127316
0.0,0.495023052335
0.0,0.51582363718
1.0,0.527294282584
1.0,0.529400724113
0.0,0.515975374175
0.0,0.477485991564
0.0,0.522304519829
0.0,0.509443493143
1.0,0.52746233175
0.0,0.518564660454
1.0,0.509686758812
1.0,0.5252709072
1.0,0.518735795613
0.0,0.513778961876
1.0,0.531608010578
1.0,0.51213478573
0.0,0.508158122415
0.0,0.490133938933
1.0,0.50155909409
1.0,0.517642474949
0.0,0.498418232246
1.0,0.494314636724
1.0,0.523408906477
0.0,0.468607879766
0.0,0.483327912677
0.0,0.48821020205
0.0,0.504683628393
1.0,0.493461417499
1.0,0.507912708521
0.0,0.514554418605
1.0,0.508290811431
1.0,0.48811032365
0.0,0.421427396255
1.0,0.501730779685
1.0,0.50315196896
0.0,0.512280787186
1.0,0.515151795665
1.0,0.526991660389
0.0,0.50306944185
1.0,0.53930775891
1.0,0.50597450997
1.0,0.514559896407
0.0,0.484179733687
0.0,0.519637322921
1.0,0.562838208489
1.0,0.509425838547
1.0,0.487033744364
0.0,0.503825920555
0.0,0.522016373569
0.0,0.457176648822
1.0,0.516836734992
0.0,0.490480321952
1.0,0.535253726526
1.0,0.523395030445
0.0,0.507857901941
0.0,0.479833757939
1.0,0.503452837373
0.0,0.532112146634
0.0,0.51541000155
0.0,0.448335778685
0.0,0.488751153156
1.0,0.514806217433
0.0,0.507467929961
1.0,0.485515139316
1.0,0.510789453555
0.0,0.528809371555
0.0,0.50934879441
1.0,0.523843956585
0.0,0.50338364685
1.0,0.496966556815
0.0,0.509467482015
1.0,0.511542164415
0.0,0.506379887647
1.0,0.515857781803
0.0,0.523599846727
0.0,0.471266910038
0.0,0.526574716774
1.0,0.499805529444
0.0,0.475328041094
0.0,0.535708707944
0.0,0.504974191848
0.0,0.518917639019
0.0,0.47665799026
0.0,0.533729462083
1.0,0.482288584556
0.0,0.523241909463
1.0,0.522069363035
0.0,0.51084512999
1.0,0.521714426261
0.0,0.494995981598
0.0,0.50391500826
1.0,0.49936288235
1.0,0.522241470044
1.0,0.486237604639
0.0,0.515424354625
1.0,0.507563902134
0.0,0.508828212108
1.0,0.522930910797
0.0,0.504194786886
0.0,0.528831862019
1.0,0.537463499825
0.0,0.508075269883
0.0,0.514850054879
0.0,0.515055249028
0.0,0.515990163251
0.0,0.530897903875
1.0,0.530186220118
1.0,0.517447936331
0.0,0.519447467272
1.0,0.477025745506
0.0,0.520729364727
1.0,0.51905821111
1.0,0.529558420024
1.0,0.502076108531
1.0,0.546327126691
1.0,0.499863207446
0.0,0.474611400934
0.0,0.50102338474
0.0,0.519382178195
0.0,0.475024910406
1.0,0.509969377221
0.0,0.497258184864
0.0,0.528431210885
0.0,0.493604714062
1.0,0.509154037123
1.0,0.506871331029
0.0,0.506111591448
0.0,0.538336248146
0.0,0.493647732829
0.0,0.524662489483
1.0,0.483773555214
0.0,0.505908882541
0.0,0.51234547548
1.0,0.51337688871
1.0,0.523645289549
1.0,0.473747660778
1.0,0.526864718073
1.0,0.513547770156
1.0,0.489633057219
1.0,0.523962494647
1.0,0.50643490906
0.0,0.490685522668
0.0,0.50775132021
1.0,0.518159146346
1.0,0.523364030366
0.0,0.502418658266
1.0,0.472670030671
1.0,0.51654092538
1.0,0.527096179658
0.0,0.539607328425
0.0,0.52544148043
1.0,0.516692317697
0.0,0.495514257697
1.0,0.458771239519
1.0,0.516411983264
0.0,0.502817611098
1.0,0.516941434409
1.0,0.444339892333
1.0,0.48651984892
0.0,0.496448702069
0.0,0.52450844408
1.0,0.491764174068
1.0,0.523230906382
0.0,0.500814629533
0.0,0.497905436386
1.0,0.502367894386
1.0,0.523417554735
1.0,0.492041268073
1.0,0.531573971301
0.0,0.49903683879
0.0,0.506229867787
1.0,0.509460749146
0.0,0.504473667575
0.0,0.49896965015
1.0,0.515937177372
0.0,0.521571730757
1.0,0.484528992868
0.0,0.523195490189
1.0,0.500569274264
0.0,0.485108441659
1.0,0.507017214687
1.0,0.499144199507
1.0,0.536166445622
1.0,0.481184271177
0.0,0.530042207463
1.0,0.510442336612
1.0,0.513220126298
1.0,0.495494042591
1.0,0.501246052431
0.0,0.506537768744
1.0,0.496027458649
0.0,0.449959162483
0.0,0.507395308468
0.0,0.437392229383
0.0,0.489550652318
1.0,0.546137385505
1.0,0.448216069103
0.0,0.52019302332
0.0,0.512704556449
0.0,0.443531934394
1.0,0.511875362303
0.0,0.518436675667
1.0,0.540191105055
1.0,0.511852359148
1.0,0.488496751912
0.0,0.517023764676
0.0,0.504054957119
1.0,0.476919646817
1.0,0.537433320621
0.0,0.521212468868
0.0,0.505776297404
0.0,0.453296822482
0.0,0.529292592483
0.0,0.51466907149
0.0,0.516154274955
0.0,0.456979205962
0.0,0.516826061851
0.0,0.50283847315
0.0,0.51913510379
1.0,0.533803601932
0.0,0.493956120385
1.0,0.529311259805
0.0,0.52630578141
1.0,0.518448736065
1.0,0.494936371578
1.0,0.511231296098
1.0,0.448908987495
0.0,0.465161326479
0.0,0.509137855948
1.0,0.516769152996
0.0,0.528759649517
1.0,0.494717445288
0.0,0.525438049163
0.0,0.498920459278
1.0,0.502756223704
1.0,0.515812101318
1.0,0.51915512148
1.0,0.49339497867
0.0,0.506298405208
1.0,0.457604309552
1.0,0.50893780861
1.0,0.450302611367
0.0,0.511479122548
1.0,0.471072504687
0.0,0.507917894512
0.0,0.50407699817
1.0,0.507022041022
0.0,0.478552920923
0.0,0.488249488907
0.0,0.475278683419
0.0,0.503140947352
0.0,0.472005646925
0.0,0.523080897054
1.0,0.499966091259
0.0,0.499988082123
0.0,0.480814438296
0.0,0.53204941817
1.0,0.497950811443
1.0,0.512468376206
0.0,0.446996740735
0.0,0.469114644273
1.0,0.531789050575
1.0,0.480719081798
0.0,0.491412760734
1.0,0.530358846742
1.0,0.52416059861
1.0,0.515958956042
0.0,0.516339100075
0.0,0.497781098062
1.0,0.498847738425
0.0,0.476670673655
1.0,0.508526488193
0.0,0.472010943118
1.0,0.520364258921
0.0,0.506467759427
1.0,0.494586315085
1.0,0.51016361579
1.0,0.543592352099
1.0,0.515244752295
0.0,0.497254038191
1.0,0.529256116034
1.0,0.515372308352
1.0,0.519659129232
1.0,0.518977458623
0.0,0.524742432885
1.0,0.521887913872
1.0,0.504053396283
0.0,0.527230309305
0.0,0.454204925383
0.0,0.515103645779
1.0,0.503140194143
1.0,0.5079623845
1.0,0.516064194598
1.0,0.51584594737
0.0,0.474412254027
1.0,0.513186520663
1.0,0.510053743348
0.0,0.52150042174
0.0,0.465566682771
0.0,0.458678852703
1.0,0.502152592309
0.0,0.500200286747
0.0,0.517610546578
1.0,0.502011133586
0.0,0.4867060003
1.0,0.515094392799
0.0,0.526445704828
1.0,0.477292877051
0.0,0.514654542676
0.0,0.520046125234
0.0,0.494824295884
1.0,0.52503533818
1.0,0.449157845905
0.0,0.507336344905
0.0,0.501293620943
0.0,0.536974743349
1.0,0.51740570332
0.0,0.514959961836
0.0,0.468918583682
1.0,0.517949334854
0.0,0.515703520473
1.0,0.45482415186
0.0,0.459530383134
1.0,0.508058953083
1.0,0.506361549708
1.0,0.516550433097
1.0,0.523087082265
1.0,0.558472336383
0.0,0.519056454931
0.0,0.497458602382
1.0,0.530804516813
1.0,0.502906553889
1.0,0.502810341183
0.0,0.491506408801
1.0,0.506138500788
0.0,0.486149766456
1.0,0.530565216594
0.0,0.513747256817
0.0,0.516772483848
1.0,0.510895032203
0.0,0.507156124449
1.0,0.516393395195
0.0,0.48250277663
0.0,0.495238280774
1.0,0.527091148711
0.0,0.527025420859
1.0,0.5180788723
0.0,0.487991495487
1.0,0.50050340517
1.0,0.549304805901
1.0,0.509083012654
1.0,0.512895311298
0.0,0.525714186107
0.0,0.523550072679
1.0,0.512406661231
0.0,0.491369472086
0.0,0.519191145924
0.0,0.501804602765
1.0,0.509730828213
1.0,0.522655073686
0.0,0.519038982067
0.0,0.502260856299
0.0,0.500094594182
0.0,0.501985179317
0.0,0.512265937152
1.0,0.50606563573
1.0,0.486028348538
0.0,0.523837070089
0.0,0.505904543142
0.0,0.520261834035
0.0,0.512907851498
0.0,0.525759796539
1.0,0.515957395215
1.0,0.494270971572
0.0,0.501893345995
0.0,0.458448622165
1.0,0.505703889112
1.0,0.514844309954
0.0,0.484390071828
1.0,0.527559612372
0.0,0.51598493176
0.0,0.498995374587
1.0,0.489146037819
1.0,0.512666232002
1.0,0.507423096383
1.0,0.511485084112
0.0,0.531207330083
1.0,0.529021456465
0.0,0.508037694441
0.0,0.499289732155
0.0,0.484868152468
1.0,0.507910135558
0.0,0.482021326073
0.0,0.50589710385
1.0,0.508370394981
0.0,0.477767884315
0.0,0.524841375305
1.0,0.506396647499
0.0,0.510334973696
1.0,0.53191136404
1.0,0.522305460074
1.0,0.496734058932
1.0,0.510229500799
0.0,0.508714283384
1.0,0.453619330138
0.0,0.466491264085
1.0,0.523936276736
0.0,0.53210760954
1.0,0.463608257895
0.0,0.496307064747
0.0,0.516344174002
1.0,0.517125629177
1.0,0.50623228928
1.0,0.458012542601
1.0,0.511378352153
1.0,0.493791089949
1.0,0.509018399508
1.0,0.503284776104
1.0,0.524610023954
1.0,0.513018633478
1.0,0.409957249319
0.0,0.474056022775
1.0,0.517321833576
0.0,0.528672571993
1.0,0.481559985877
1.0,0.526157762942
1.0,0.522024399047
1.0,0.433689125298
1.0,0.515972959062
0.0,0.49925533249
0.0,0.513388863684
0.0,0.509859942016
1.0,0.503262247736
1.0,0.48765076836
1.0,0.539303148614
1.0,0.477123674416
1.0,0.499788339568
0.0,0.51086516219
1.0,0.518804277242
0.0,0.525211017597
0.0,0.501983042983
0.0,0.498099772174
1.0,0.504434368881
1.0,0.50909026701
1.0,0.503777992322
0.0,0.498097441101
0.0,0.515448024459
0.0,0.507479420915
1.0,0.49363213276
0.0,0.506398771153
0.0,0.499413023383
1.0,0.497749474877
1.0,0.497585117165
1.0,0.523067852382
0.0,0.472021035649
0.0,0.520156415047
1.0,0.519170579139
1.0,0.511774820756
0.0,0.511240369449
1.0,0.532886203536
0.0,0.500001490486
0.0,0.51150990976
0.0,0.50651103028
0.0,0.509516358331
1.0,0.507252117241
0.0,0.429446469175
1.0,0.481559605865
0.0,0.500229729801
1.0,0.514268565458
0.0,0.539935524054
0.0,0.503954536569
0.0,0.499875256355
0.0,0.473744087951
1.0,0.494136138399
0.0,0.511007717459
0.0,0.513747364381
0.0,0.539412772574
1.0,0.52759595081
0.0,0.505423708153
1.0,0.469786761399
0.0,0.511805878693
0.0,0.516944515222
0.0,0.515009001422
0.0,0.504050886651
0.0,0.512127201002
1.0,0.501567592456
1.0,0.515362262496
0.0,0.523210645301
0.0,0.417980750499
0.0,0.500379854467
1.0,0.515684302534
1.0,0.499042900983
0.0,0.509775706337
1.0,0.528607647787
1.0,0.488081688775
1.0,0.524107548727
1.0,0.520755863221
1.0,0.533846470018
1.0,0.528072855598
1.0,0.47866063152
0.0,0.509562370306
0.0,0.514551883996
0.0,0.501292217002
1.0,0.473029652927
0.0,0.502605070668
0.0,0.477394384435
1.0,0.501295915271
1.0,0.511186651246
0.0,0.506681853386
0.0,0.504620166677
1.0,0.531865564355
1.0,0.51491000903
1.0,0.520319889068
0.0,0.452443660693
1.0,0.513623517444
1.0,0.506410316912
1.0,0.49331120846
1.0,0.516323565568
0.0,0.510016361724
1.0,0.51921847894
1.0,0.527261703107
1.0,0.524663224701
0.0,0.486702963977
1.0,0.480376829312
0.0,0.501319018147
1.0,0.492383080762
0.0,0.509034596679
1.0,0.512343425117
1.0,0.513732511954
1.0,0.493952404727
1.0,0.502153070286
1.0,0.502730905951
1.0,0.504553176152
1.0,0.519752222733
0.0,0.514681672919
0.0,0.510006095124
1.0,0.480393810276
1.0,0.512435304617
1.0,0.488593909444
0.0,0.494337856726
0.0,0.544091234726
0.0,0.466601190787
1.0,0.512786279642
0.0,0.489687307286
0.0,0.518535275849
0.0,0.485228068744
0.0,0.507191826444
1.0,0.46295747377
0.0,0.516604040992
0.0,0.517948361941
1.0,0.521079346815
0.0,0.52428222306
1.0,0.518948486748
1.0,0.506632903822
0.0,0.509113278417
1.0,0.499960388775
0.0,0.473261169373
0.0,0.535947226719
1.0,0.490418644713
1.0,0.510144428639
0.0,0.517598948234
0.0,0.514119241895
0.0,0.535546762793
1.0,0.433523349644
0.0,0.504549541228
0.0,0.49797676362
0.0,0.496890908561
0.0,0.503938904406
1.0,0.511409756038
1.0,0.522467664521
0.0,0.476027615861
1.0,0.505879937216
0.0,0.48907851982
0.0,0.525636452021
0.0,0.507017781714
1.0,0.494068492023
1.0,0.508524965948
0.0,0.493420364733
1.0,0.484943494319
0.0,0.521192540389
1.0,0.510228091492
0.0,0.487756729806
0.0,0.498639419228
0.0,0.538009674161
1.0,0.462831293489
1.0,0.503687335936
1.0,0.528284930054
0.0,0.525920957437
1.0,0.509872167113
0.0,0.510438423888
1.0,0.519465614832
0.0,0.495623490338
0.0,0.496676016291
0.0,0.516785370055
0.0,0.467421767201
1.0,0.525104198487
1.0,0.505320878165
1.0,0.515284144765
0.0,0.484370229756
1.0,0.530483766829
1.0,0.437582297773
0.0,0.485684427978
0.0,0.474632884782
1.0,0.50926464435
0.0,0.524280705845
1.0,0.5328101703
1.0,0.47507254825
1.0,0.489093266857
0.0,0.528310048817
1.0,0.519042141427
0.0,0.563017430583
0.0,0.506967483212
1.0,0.429474773746
1.0,0.540372965165
0.0,0.485874428128
0.0,0.515409969398
0.0,0.494923601144
1.0,0.546247246492
1.0,0.516887623384
1.0,0.510664003124
1.0,0.492519761475
1.0,0.501808732884
0.0,0.516458271944
1.0,0.514934870398
0.0,0.518631409791
0.0,0.502334322401
0.0,0.516781647395
1.0,0.54233511706
1.0,0.533201142691
0.0,0.466329010227
1.0,0.519911050035
1.0,0.493770588934
1.0,0.505627443815
1.0,0.51110996537
1.0,0.526083243768
1.0,0.483845087698
1.0,0.511271377764
0.0,0.462176158976
1.0,0.519771667856
1.0,0.507221901249
0.0,0.531390445507
0.0,0.509823369134
0.0,0.517120631912
0.0,0.533690705983
1.0,0.48514320363
1.0,0.535034421859
1.0,0.46650701646
0.0,0.525166040727
0.0,0.515356047734
0.0,0.522000352018
0.0,0.518224369797
0.0,0.517525911765
1.0,0.49267854992
1.0,0.507905751299
0.0,0.503127263966
1.0,0.516973158997
0.0,0.514733174868
0.0,0.524638249359
0.0,0.507097522335
1.0,0.526367997829
0.0,0.503532078997
0.0,0.46912375375
0.0,0.490476815141
1.0,0.522633213698
1.0,0.553832653512
1.0,0.514375118503
0.0,0.509345254067
0.0,0.519511341892
0.0,0.509984529704
0.0,0.512529185897
0.0,0.515705951715
1.0,0.510433041596
0.0,0.48035217839
0.0,0.480507898515
1.0,0.484184378707
1.0,0.506629576955
1.0,0.411989980385
0.0,0.527191523678
0.0,0.527131637848
0.0,0.539589148185
1.0,0.47416511406
0.0,0.505460805717
0.0,0.513597785336
0.0,0.524001583131
0.0,0.535460312278
0.0,0.512981220808
0.0,0.530936226834
1.0,0.509821081857
1.0,0.505502392662
1.0,0.500288150626
0.0,0.47197309966
0.0,0.515749313799
0.0,0.463973928471
1.0,0.502972988181
0.0,0.501537959406
1.0,0.519289937157
1.0,0.519235096909
0.0,0.474426132196
1.0,0.461659093693
0.0,0.488184196551
1.0,0.483082850622
1.0,0.473312029415
1.0,0.51058437949
1.0,0.4920662208
0.0,0.471831363857
0.0,0.489393039959
1.0,0.518018761786
1.0,0.523896726899
1.0,0.509145019983
1.0,0.528692490511
1.0,0.429818816627
0.0,0.497959835207
0.0,0.486938535329
0.0,0.397636234292
1.0,0.502010503142
1.0,0.512090400932
1.0,0.454480535351
0.0,0.506268886498
1.0,0.534541265132
0.0,0.467399986652
0.0,0.493406122807
0.0,0.485592000988
1.0,0.506752106919
1.0,0.530550883363
1.0,0.520736326108
0.0,0.522571630682
1.0,0.491471203103
0.0,0.52889239391
0.0,0.528258072538
0.0,0.510477216493
0.0,0.520886329434
1.0,0.523312163297
0.0,0.50266613198
1.0,0.486979706657
0.0,0.52067549922
0.0,0.511864748687
0.0,0.515995658207
1.0,0.511925645806
0.0,0.516752550796
0.0,0.505852375445
0.0,0.517110402969
0.0,0.448639755493
0.0,0.503905662403
1.0,0.481863435137
1.0,0.510157551121
1.0,0.50026914972
1.0,0.505758469141
1.0,0.514716222081
1.0,0.512030243677
1.0,0.468909316089
1.0,0.509646325567
0.0,0.495460949112
0.0,0.449019321494
0.0,0.499637052526
1.0,0.520836051246
0.0,0.520468786118
1.0,0.534009334805
0.0,0.512899452688
0.0,0.484335760905
0.0,0.519458295727
1.0,0.527916401441
0.0,0.493414084084
0.0,0.505205437956
1.0,0.513243323654
0.0,0.516794784816
0.0,0.492029503981
0.0,0.512200488875
0.0,0.524138225064
0.0,0.504278478835
1.0,0.511800565803
0.0,0.510574689993
1.0,0.524995384105
0.0,0.484702021257
1.0,0.514353177682
1.0,0.498514798294
1.0,0.471315545516
0.0,0.511103478452
0.0,0.517353848985
1.0,0.497476145368
1.0,0.504730387693
0.0,0.49934964212
0.0,0.529121248204
1.0,0.522691672815
0.0,0.514015249522
0.0,0.506604101145
0.0,0.517112511935
0.0,0.535055133175
0.0,0.5246880795
0.0,0.497710229978
1.0,0.50605478176
1.0,0.510434313989
0.0,0.524765622147
0.0,0.500960505285
1.0,0.520654524147
1.0,0.467546368682
1.0,0.504688982857
0.0,0.504863999931
0.0,0.509328578453
0.0,0.500178242475
1.0,0.516987121786
1.0,0.513728037132
0.0,0.542184264606
0.0,0.518121898271
1.0,0.473994092817
0.0,0.493543208667
0.0,0.510604635983
0.0,0.534845836816
1.0,0.51934171856
1.0,0.51315433972
1.0,0.522267391324
1.0,0.528574861698
0.0,0.511524351591
1.0,0.520583541818
1.0,0.496187950439
1.0,0.522428713931
1.0,0.487944446126
1.0,0.511613321247
1.0,0.494150536628
1.0,0.498261334794
0.0,0.485013540674
1.0,0.52307352573
1.0,0.518405866699
1.0,0.520245135179
1.0,0.531071145583
1.0,0.523205828192
1.0,0.515152899805
1.0,0.480542111087
0.0,0.521155676694
1.0,0.504198052407
1.0,0.502671332973
0.0,0.527236809774
0.0,0.52968011505
1.0,0.500756532328
1.0,0.445732515299
0.0,0.533060726573
1.0,0.505707524204
0.0,0.502919574004
0.0,0.530172484578
0.0,0.492721133159
1.0,0.518877173925
1.0,0.452863302485
0.0,0.515392176521
0.0,0.512245398931
0.0,0.49564102135
0.0,0.511421778714
0.0,0.529289545069
1.0,0.510057871335
1.0,0.531263763829
0.0,0.492481675638
0.0,0.505012181908
1.0,0.511727882599
1.0,0.520134570173
1.0,0.507142568704
1.0,0.524952331643
0.0,0.51497694595
0.0,0.502604885149
0.0,0.517188537454
1.0,0.489356872001
1.0,0.509089953802
0.0,0.52489953184
1.0,0.489556128977
0.0,0.512093297937
0.0,0.538789618467
0.0,0.49948307986
1.0,0.518978221063
0.0,0.524734676007
1.0,0.531173689931
1.0,0.515775565255
1.0,0.525344682075
1.0,0.48259477822
0.0,0.51583342945
1.0,0.512808804973
0.0,0.514016682091
1.0,0.510210314705
0.0,0.456179764645
1.0,0.421822595522
1.0,0.524418957224
1.0,0.49330410379
1.0,0.491899633692
0.0,0.509253390602
1.0,0.509120176609
1.0,0.512193110095
0.0,0.513929878755
0.0,0.470234936403
0.0,0.527484601707
1.0,0.526668374603
1.0,0.500133550156
1.0,0.516199530927
0.0,0.47812668504
1.0,0.508677526967
1.0,0.510491028881
1.0,0.516863475668
0.0,0.507099161677
1.0,0.500265839533
1.0,0.486005727688
1.0,0.522341337649
1.0,0.489667640393
0.0,0.499076527716
0.0,0.52087725028
1.0,0.503921206583
1.0,0.523825766498
1.0,0.476645348837
1.0,0.518989944771
1.0,0.50610942464
0.0,0.474027892396
1.0,0.510510085721
0.0,0.515486126987
1.0,0.527215933141
0.0,0.505514972475
1.0,0.476682199503
0.0,0.514186354213
1.0,0.460544224008
1.0,0.500875044878
0.0,0.473477760689
0.0,0.507316985404
1.0,0.522573314321
0.0,0.531532569324
0.0,0.491104786345
1.0,0.508115193368
1.0,0.51902172256
1.0,0.508965376046
0.0,0.506288138164
1.0,0.499875046954
0.0,0.489837423644
1.0,0.523108671316
0.0,0.506960858691
1.0,0.514574848884
0.0,0.499163598828
0.0,0.495536524068
0.0,0.509677382792
0.0,0.529069087896
0.0,0.516797846242
0.0,0.51348719048
1.0,0.459677533979
1.0,0.508541528166
0.0,0.462193825995
1.0,0.525035385544
1.0,0.463866363199
0.0,0.486720252708
1.0,0.446299197727
1.0,0.516004905322
0.0,0.490491243645
0.0,0.500147012114
1.0,0.516115527731
1.0,0.515358773631
1.0,0.514570766481
0.0,0.529227635032
0.0,0.532541141476
0.0,0.518562569275
1.0,0.497342240683
1.0,0.527630833038
1.0,0.507033063542
0.0,0.517580280511
1.0,0.495408442811
0.0,0.470447652386
0.0,0.4951692802
1.0,0.480730195335
1.0,0.509929441659
0.0,0.521600608856
0.0,0.491190843712
0.0,0.526966687425
1.0,0.52387408284
0.0,0.458153083227
0.0,0.519696823635
1.0,0.507658885507
1.0,0.50838970494
0.0,0.468416757524
0.0,0.508195749907
1.0,0.519878983746
1.0,0.509773036199
1.0,0.518914034935
1.0,0.505094890581
1.0,0.519962954945
1.0,0.469212990816
0.0,0.468908437989
0.0,0.480459317904
1.0,0.520756203558
1.0,0.458620392801
0.0,0.538354705968
1.0,0.5058840492
1.0,0.511243112642
1.0,0.517932961364
0.0,0.524496366897
1.0,0.480492650072
0.0,0.550280035787
1.0,0.51253474629
1.0,0.523273383705
1.0,0.520340854373
0.0,0.470572089973
0.0,0.524037218118
0.0,0.510011227267
1.0,0.516378268474
1.0,0.53264783145
1.0,0.513167325463
1.0,0.511642031233
1.0,0.511726057495
1.0,0.510920307105
0.0,0.515537306286
1.0,0.529157131087
1.0,0.426331607466
1.0,0.511594243988
1.0,0.512750141927
0.0,0.513446865353
1.0,0.499401510517
0.0,0.504375326535
1.0,0.492768723795
0.0,0.505852257422
0.0,0.512116636017
1.0,0.501655090194
0.0,0.500601109785
0.0,0.528003124942
1.0,0.518065632921
1.0,0.500661754989
1.0,0.518628408055
1.0,0.501058124223
1.0,0.499164263814
0.0,0.524910736474
0.0,0.483840079079
0.0,0.521144367359
1.0,0.567929567137
1.0,0.502388043442
0.0,0.479674258712
0.0,0.487732345093
0.0,0.499901511469
0.0,0.512579699843
0.0,0.49115823105
0.0,0.506396112794
0.0,0.524521777477
1.0,0.513799563125
0.0,0.478419833477
1.0,0.522176375449
0.0,0.476076247144
0.0,0.474788270588
0.0,0.493864418165
1.0,0.507739477188
0.0,0.468115354203
1.0,0.50366990503
0.0,0.501982302596
0.0,0.506103876564
0.0,0.507665009272
1.0,0.521328259042
0.0,0.514826883287
0.0,0.521242834731
0.0,0.491785609475
0.0,0.500437045507
1.0,0.510200050982
1.0,0.50752227373
1.0,0.499547423762
1.0,0.493829325336
1.0,0.528311951171
1.0,0.425392332209
0.0,0.506344113193
1.0,0.507860992433
0.0,0.518789313772
0.0,0.530228111121
1.0,0.534068259532
1.0,0.506514256172
1.0,0.447741647183
0.0,0.467868908634
1.0,0.521643643977
1.0,0.505380425382
0.0,0.519091943388
1.0,0.511824069801
0.0,0.520154734483
1.0,0.47868468411
1.0,0.514068448178
1.0,0.4817297846
0.0,0.494544649758
0.0,0.517556260324
1.0,0.489685805174
1.0,0.512439533829
0.0,0.528227404474
1.0,0.50763202855
0.0,0.502149245969
1.0,0.506847078373
0.0,0.502845111254
1.0,0.491235159093
0.0,0.51710565511
1.0,0.536760268545
0.0,0.506581786696
1.0,0.509403224535
1.0,0.518138511005
0.0,0.514114332442
1.0,0.548130643055
1.0,0.509506298105
1.0,0.502513904385
1.0,0.510472163498
0.0,0.518168063799
0.0,0.516427371344
0.0,0.520097144677
1.0,0.509052938131
1.0,0.49390006911
0.0,0.535166982264
0.0,0.497258085814
0.0,0.494187298532
0.0,0.514820579686
1.0,0.482864782513
1.0,0.520176782983
0.0,0.512572802873
1.0,0.519511711527
1.0,0.504649856002
0.0,0.47658383357
1.0,0.527681436963
1.0,0.496911041732
1.0,0.502938621146
1.0,0.502895190933
0.0,0.483058498168
1.0,0.513561398287
1.0,0.506101836001
1.0,0.510410213839
0.0,0.493603444598
1.0,0.529645170062
1.0,0.519825500812
0.0,0.520388046122
0.0,0.489680390378
0.0,0.500264095236
1.0,0.511410201173
0.0,0.510115800086
1.0,0.481359793173
1.0,0.482162310787
1.0,0.528013334912
1.0,0.488429726948
1.0,0.520831006623
1.0,0.551479870461
0.0,0.512843301347
0.0,0.515213557163
0.0,0.50434877417
1.0,0.533917344914
1.0,0.483655023106
0.0,0.533612630192
0.0,0.49384506565
1.0,0.513025025342
0.0,0.545573864318
0.0,0.511379820659
0.0,0.468394659311
0.0,0.567058960363
0.0,0.522863241454
1.0,0.455346228841
1.0,0.515279873491
1.0,0.514372193399
0.0,0.484226020902
1.0,0.508275130917
0.0,0.478928835421
0.0,0.499043205708
0.0,0.501315903851
1.0,0.471544820508
1.0,0.512952495298
0.0,0.393518750306
1.0,0.513684580745
1.0,0.507435487678
0.0,0.515258839164
0.0,0.50996027171
0.0,0.524491565916
1.0,0.531158824402
0.0,0.470394786733
0.0,0.490575944391
1.0,0.524361012214
0.0,0.513182903809
0.0,0.512090330273
1.0,0.502369929087
0.0,0.476859807951
1.0,0.506488078303
1.0,0.515688838375
0.0,0.505310737191
0.0,0.504593049314
0.0,0.512352669061
0.0,0.507460227007
1.0,0.52231665486
0.0,0.498629073437
1.0,0.456146581397
1.0,0.504097813139
1.0,0.499901519152
1.0,0.4735459118
0.0,0.503258987339
1.0,0.506297651272
1.0,0.473702801408
1.0,0.532228701138
0.0,0.515967925588
0.0,0.503053886743
0.0,0.497223574921
1.0,0.468982206204
0.0,0.47232905234
0.0,0.517760721701
1.0,0.511876101041
1.0,0.530765145842
1.0,0.49479594114
1.0,0.506317076569
0.0,0.528032444347
0.0,0.520661720573
1.0,0.51124439361
1.0,0.499243813432
1.0,0.459547870238
0.0,0.472668679294
1.0,0.490686989462
1.0,0.499632111995
0.0,0.483725364389
1.0,0.447655801445
0.0,0.519411874076
0.0,0.513312365042
0.0,0.515367185477
1.0,0.525706546069
0.0,0.418845703872
0.0,0.502257917181
1.0,0.514174680391
0.0,0.525530789919
1.0,0.50537993553
1.0,0.502909830646
0.0,0.518242852711
0.0,0.47582097264
1.0,0.530760810991
1.0,0.508436238166
0.0,0.514785515676
1.0,0.458777631056
0.0,0.523087705561
0.0,0.495720298942
1.0,0.48835672173
0.0,0.498114849364
1.0,0.51962476056
1.0,0.418236357807
1.0,0.511922992164
0.0,0.502235356527
1.0,0.485060338585
0.0,0.488500803741
1.0,0.505348554099
0.0,0.505167377963
0.0,0.499806264394
1.0,0.483219419015
1.0,0.467320612639
0.0,0.510996813087
1.0,0.521765950148
1.0,0.479988032539
1.0,0.490633133788
0.0,0.478726930155
1.0,0.502355430396
0.0,0.540271230647
1.0,0.49659761753
1.0,0.511945814666
0.0,0.521273419863
1.0,0.466292368363
0.0,0.486956188657
0.0,0.503492923834
0.0,0.480521203357
0.0,0.523305664034
0.0,0.475520624227
1.0,0.521753600724
0.0,0.492766422178
0.0,0.517705386056
0.0,0.495846180119
1.0,0.465294412722
0.0,0.524549438635
1.0,0.528024802951
1.0,0.498967042728
1.0,0.528303520057
1.0,0.500621924081
0.0,0.50863812187
1.0,0.5206105919
0.0,0.539957955871
1.0,0.528478534528
1.0,0.516029699828
0.0,0.51524080992
0.0,0.512373276129
1.0,0.52049172105
0.0,0.515864103646
0.0,0.51873104211
1.0,0.462997200194
1.0,0.508932722785
1.0,0.428790854971
1.0,0.533662771674
1.0,0.529782311023
1.0,0.4764496189
0.0,0.52713489767
0.0,0.517118390262
0.0,0.505808341948
0.0,0.512028692267
0.0,0.489649445191
1.0,0.496669059852
1.0,0.523240990726
1.0,0.492541517615
1.0,0.521236120489
0.0,0.529684513896
1.0,0.502774992534
1.0,0.513134016916
1.0,0.46373705644
1.0,0.490982178437
1.0,0.516701246442
0.0,0.522800410252
1.0,0.516643088258
1.0,0.508042953257
0.0,0.477439542279
1.0,0.512640535364
0.0,0.511311759314
0.0,0.489930005503
1.0,0.490862332956
1.0,0.472021644543
1.0,0.507070751353
1.0,0.524111632407
0.0,0.50268450102
0.0,0.51349423178
1.0,0.508300375377
1.0,0.499009487062
0.0,0.510528763339
0.0,0.505638083042
0.0,0.507018460992
0.0,0.528086862088
0.0,0.514696430319
1.0,0.515621562295
0.0,0.508769884193
0.0,0.483174809577
0.0,0.508363876948
0.0,0.534288050698
1.0,0.519325139167
0.0,0.470452318902
1.0,0.541998007624
1.0,0.528007418454
1.0,0.49771893853
0.0,0.500453859999
0.0,0.510646502983
1.0,0.519450707747
1.0,0.486682404913
0.0,0.50824212876
0.0,0.510987132955
1.0,0.530909998281
1.0,0.517729473525
1.0,0.512146067118
0.0,0.442621084555
1.0,0.527158993944
0.0,0.507750069613
1.0,0.486673320463
1.0,0.505205140798
0.0,0.529626667595
1.0,0.504166597911
1.0,0.52556526379
1.0,0.513775340174
0.0,0.518342720498
1.0,0.505447995845
0.0,0.441955813097
1.0,0.512976699339
1.0,0.515346266948
0.0,0.506759667921
0.0,0.510116130922
1.0,0.475281645768
1.0,0.510919511011
0.0,0.533817332084
0.0,0.498821493659
0.0,0.410248891037
0.0,0.493562525491
0.0,0.500158411943
1.0,0.497747801364
0.0,0.515259927284
1.0,0.507424864267
1.0,0.520906948503
1.0,0.50711789932
0.0,0.522044846648
0.0,0.504347512184
1.0,0.516034278577
0.0,0.514985446057
0.0,0.50742810535
1.0,0.516733156096
0.0,0.516192307395
1.0,0.51512289285
1.0,0.527502218362
0.0,0.504930429435
0.0,0.481628954267
0.0,0.525118822292
0.0,0.520614002845
1.0,0.503719678609
1.0,0.465348585055
1.0,0.510698700124
1.0,0.506310906746
1.0,0.517077549108
0.0,0.483727998198
1.0,0.492568273802
1.0,0.516257968777
0.0,0.498132146149
0.0,0.537350520289
1.0,0.460316271663
1.0,0.520376418657
0.0,0.50582868021
1.0,0.519779003345
1.0,0.500602383644
0.0,0.534893193438
1.0,0.52055009297
0.0,0.493030685039
1.0,0.530886182201
0.0,0.521044412431
1.0,0.475782696506
1.0,0.523044654326
1.0,0.488941632658
0.0,0.446511495308
0.0,0.518444019989
1.0,0.484927358
1.0,0.473168245674
0.0,0.460836942427
0.0,0.495552717053
0.0,0.530901370243
1.0,0.524092354845
0.0,0.532121139867
1.0,0.526136817238
0.0,0.512110650167
0.0,0.49084380557
0.0,0.519103606152
0.0,0.493410928484
1.0,0.47731149214
0.0,0.520197227119
0.0,0.492731512104
1.0,0.46369962081
0.0,0.499450664009
1.0,0.478047116588
0.0,0.525372751011
1.0,0.520130000609
0.0,0.520966097129
0.0,0.500648067726
1.0,0.463189923541
0.0,0.5073871222
0.0,0.454686863752
0.0,0.485861293747
1.0,0.521247192724
0.0,0.50343049672
1.0,0.476624866494
0.0,0.521354001337
1.0,0.509676471832
1.0,0.521347136206
1.0,0.5407363341
0.0,0.527483882346
0.0,0.526800051512
1.0,0.525515140169
0.0,0.486664684745
1.0,0.490548040219
1.0,0.508921274975
0.0,0.530250446352
0.0,0.523104566658
1.0,0.496257592621
0.0,0.514566268487
1.0,0.517499834096
0.0,0.503513873415
1.0,0.494010264174
0.0,0.509898175075
1.0,0.498729777363
1.0,0.525022710989
1.0,0.462261670932
1.0,0.505399276056
1.0,0.511582122058
0.0,0.483356813499
1.0,0.518533274784
0.0,0.456345804789
1.0,0.469403843487
1.0,0.518899274812
0.0,0.501934251469
0.0,0.511728856407
0.0,0.527786298088
0.0,0.515111470392
0.0,0.493146097311
0.0,0.508667235868
0.0,0.498860489718
1.0,0.522885535361
0.0,0.516836999578
0.0,0.502917313162
1.0,0.437586622747
1.0,0.52087436981
1.0,0.500833632045
0.0,0.522001921645
1.0,0.511100784637
0.0,0.519753039398
1.0,0.521585999702
1.0,0.490222739648
1.0,0.519078932004
1.0,0.52303790083
0.0,0.522071939674
0.0,0.471086527748
1.0,0.519327748705
0.0,0.497566673071
0.0,0.512879869904
1.0,0.517276516976
1.0,0.485953107158
1.0,0.488981974559
0.0,0.519943117591
1.0,0.53877290926
0.0,0.509131513523
1.0,0.518610619112
0.0,0.50563844487
0.0,0.470910424219
0.0,0.560577887505
0.0,0.516929150351
0.0,0.518053368555
0.0,0.511404681463
1.0,0.514492779861
1.0,0.517272872868
1.0,0.458028387169
0.0,0.510876019207
1.0,0.515512752161
1.0,0.512045534777
1.0,0.504480230541
0.0,0.516282422914
1.0,0.516734753149
0.0,0.468484647454
0.0,0.527392052591
1.0,0.503996032238
0.0,0.523772837671
0.0,0.506003492419
0.0,0.507312965585
1.0,0.519508865942
0.0,0.505606963402
1.0,0.517151701602
1.0,0.518726332307
1.0,0.512639067886
1.0,0.523657087824
0.0,0.510313551991
0.0,0.516921229339
0.0,0.490510190719
0.0,0.508195993703
0.0,0.510631818965
0.0,0.50142060874
1.0,0.520075144442
0.0,0.508525783305
0.0,0.483996565672
1.0,0.490906918449
1.0,0.46258558022
1.0,0.509655537251
0.0,0.508249183747
0.0,0.508629000537
1.0,0.493061641374
1.0,0.520607212203
0.0,0.450989129163
1.0,0.511707347478
0.0,0.489239418054
0.0,0.516445221244
0.0,0.510128500652
1.0,0.507043957245
0.0,0.459237616423
1.0,0.508320338043
0.0,0.538036692981
1.0,0.467759276713
1.0,0.535635491375
0.0,0.531581428588
0.0,0.524140258247
0.0,0.517528462451
1.0,0.518475311912
1.0,0.523528130264
0.0,0.516409998813
1.0,0.531038175329
1.0,0.517815698311
0.0,0.502116326928
1.0,0.467111251773
1.0,0.50762317057
0.0,0.516173951074
1.0,0.490635763064
1.0,0.520673213938
1.0,0.516759604018
0.0,0.468392894148
1.0,0.513270994082
1.0,0.514011942206
0.0,0.510660616601
1.0,0.509514579389
0.0,0.512447532831
1.0,0.53069565928
1.0,0.491243498806
0.0,0.515672304101
1.0,0.511535456886
0.0,0.525605990237
1.0,0.532945495726
0.0,0.524389544397
1.0,0.48797624882
1.0,0.505133950293
1.0,0.500873633025
0.0,0.504704068289
0.0,0.456851834896
1.0,0.470929376103
0.0,0.494027450827
0.0,0.528805727043
1.0,0.520244717998
1.0,0.49993350583
0.0,0.520272946165
1.0,0.50784597972
1.0,0.469010416947
0.0,0.500082728243
1.0,0.497514342046
1.0,0.513916030216
0.0,0.54434332129
0.0,0.496900532076
0.0,0.509514823986
1.0,0.473385626067
0.0,0.509341699138
0.0,0.516301172641
1.0,0.513231596853
1.0,0.51570006724
1.0,0.523630123803
0.0,0.521403316951
0.0,0.510020897532
0.0,0.51554482467
0.0,0.509079480885
0.0,0.470344024682
1.0,0.493213127179
1.0,0.501366043392
0.0,0.502182805699
1.0,0.419693640942
0.0,0.478838198984
1.0,0.534955132991
1.0,0.502132362344
1.0,0.484346222364
1.0,0.508938294522
0.0,0.514043231231
0.0,0.455862223104
1.0,0.509810938473
1.0,0.535090726225
0.0,0.503019239534
1.0,0.519710010511
1.0,0.512754357049
0.0,0.478377992871
1.0,0.525382956704
1.0,0.515827348377
1.0,0.490698244017
1.0,0.523898394439
1.0,0.527065234207
1.0,0.484915528122
1.0,0.517530051873
0.0,0.509349835927
1.0,0.489875537687
1.0,0.524565145232
1.0,0.485442417201
1.0,0.50836765651
0.0,0.527646597597
1.0,0.441680344367
1.0,0.509812695661
0.0,0.516103886409
1.0,0.503523856172
1.0,0.485901130542
0.0,0.506071127055
1.0,0.494522366908
0.0,0.514744286857
1.0,0.5242166461
1.0,0.505675403821
1.0,0.455621412096
0.0,0.500689889074
1.0,0.531058887799
0.0,0.5126135134
1.0,0.497420723006
1.0,0.495675221103
0.0,0.521180648514
1.0,0.437424425533
0.0,0.511889660637
1.0,0.459168267779
0.0,0.517045057891
1.0,0.470636535935
1.0,0.514590351885
1.0,0.508639215167
1.0,0.502581664938
1.0,0.516349834192
1.0,0.523816158659
0.0,0.509391832564
0.0,0.494075322151
0.0,0.464779050331
1.0,0.507091340658
0.0,0.493204923094
1.0,0.535355272312
0.0,0.509047487219
0.0,0.519438056354
1.0,0.488077363812
1.0,0.514629116255
0.0,0.481377369649
0.0,0.520586002949
1.0,0.489413114071
0.0,0.535805027386
0.0,0.51218773638
0.0,0.524562840032
1.0,0.491044385301
0.0,0.502261084727
1.0,0.52030995167
0.0,0.505473695204
0.0,0.512613943908
0.0,0.510730646576
1.0,0.476561687168
0.0,0.520660123903
1.0,0.487870950685
0.0,0.511295415484
1.0,0.483867049616
0.0,0.507050141807
0.0,0.454365778166
0.0,0.506808713184
1.0,0.453486032192
1.0,0.497534657621
0.0,0.508627734935
0.0,0.513069510679
0.0,0.537552215764
0.0,0.536713667686
1.0,0.503060436539
0.0,0.5216464616
1.0,0.436061003322
0.0,0.507167190184
0.0,0.516842780377
0.0,0.503866981425
1.0,0.514360042978
0.0,0.52454145707
1.0,0.477457523802
0.0,0.546551585866
0.0,0.516878881544
1.0,0.510893190551
1.0,0.46979475725
1.0,0.535752336541
1.0,0.519951030897
0.0,0.507277852328
1.0,0.521144251916
1.0,0.526157636509
1.0,0.435537963352
1.0,0.527027334823
1.0,0.523791445288
0.0,0.526260239374
1.0,0.501697549499
1.0,0.516439149654
1.0,0.458618884476
1.0,0.48837694707
0.0,0.507419733443
1.0,0.464140936104
1.0,0.526464852694
1.0,0.489284789775
1.0,0.521974675102
0.0,0.479388176141
0.0,0.505326773024
1.0,0.516786701387
1.0,0.505534891201
0.0,0.508005696934
0.0,0.518210438439
0.0,0.514760112933
1.0,0.511514810027
0.0,0.513237347471
0.0,0.520890664843
1.0,0.513956026509
0.0,0.491181935283
1.0,0.535036639136
1.0,0.5059688953
1.0,0.440651141189
0.0,0.519372338744
0.0,0.504014997793
1.0,0.503242973244
0.0,0.532119444188
0.0,0.520898182767
1.0,0.516889879061
1.0,0.454702090641
1.0,0.501896919908
0.0,0.470494413816
0.0,0.519194026742
1.0,0.49875579495
0.0,0.508882241507
0.0,0.508759426506
1.0,0.513284052278
0.0,0.52092106827
0.0,0.485041008724
0.0,0.511575558439
0.0,0.508512507952
0.0,0.513859702922
0.0,0.506700555546
0.0,0.501888862201
0.0,0.524099240645
1.0,0.505379061488
0.0,0.541290923148
1.0,0.503337284188
0.0,0.495035735313
0.0,0.522524160529
0.0,0.465556238823
1.0,0.492165939498
1.0,0.519247095468
1.0,0.516065345743
0.0,0.52833761733
1.0,0.523247210444
0.0,0.512616821048
0.0,0.483103110279
1.0,0.51222979288
1.0,0.488944141022
1.0,0.530746433484
1.0,0.490157094849
0.0,0.528737997699
0.0,0.493762603515
1.0,0.49454847141
1.0,0.494675638969
0.0,0.497942416254
0.0,0.546544716507
1.0,0.467068454906
0.0,0.457823313113
1.0,0.479437215075
1.0,0.486764456235
0.0,0.501081256242
1.0,0.507962956621
1.0,0.477715575716
1.0,0.501701496125
0.0,0.478026584502
1.0,0.517988552533
0.0,0.492956167963
0.0,0.499556676722
1.0,0.489426519734
1.0,0.477200191078
1.0,0.499777663466
1.0,0.486723609572
1.0,0.523631661675
1.0,0.5132235317
0.0,0.518145389779
1.0,0.510189118038
0.0,0.506918134356
0.0,0.527237914646
0.0,0.52791104665
1.0,0.491229613779
1.0,0.516195349475
0.0,0.485341070504
0.0,0.523634109481
0.0,0.5063960349
1.0,0.509826676463
0.0,0.510724677103
0.0,0.529948696314
0.0,0.502744681053
1.0,0.493995749068
0.0,0.501784815992
0.0,0.536827002413
0.0,0.476739247091
1.0,0.521820753644
1.0,0.489806129326
0.0,0.514965714668
1.0,0.471742555865
1.0,0.525329957313
1.0,0.511222757975
1.0,0.479700675827
0.0,0.522740673953
1.0,0.517486818289
0.0,0.527480518419
1.0,0.446693323269
1.0,0.524961876055
1.0,0.469675878345
0.0,0.509865566538
1.0,0.512167828871
0.0,0.525331251078
1.0,0.542256474151
0.0,0.497450901973
0.0,0.48972346797
0.0,0.496711056904
1.0,0.522180293654
1.0,0.493866997676
0.0,0.466969945258
1.0,0.521060897562
0.0,0.50469640833
0.0,0.52520812633
0.0,0.505010531695
1.0,0.497958704652
0.0,0.511061388106
1.0,0.517096850844
1.0,0.514056649679
0.0,0.477410152531
1.0,0.519285320474
0.0,0.508486503836
0.0,0.484911239459
1.0,0.531966440913
1.0,0.475899918646
0.0,0.542272389083
1.0,0.429229146603
0.0,0.518545366113
1.0,0.515021958044
1.0,0.43841548493
1.0,0.481486904405
0.0,0.500048285308
0.0,0.507389042065
0.0,0.526654981272
1.0,0.523377768325
0.0,0.505792353131
1.0,0.514544631753
1.0,0.503534002052
1.0,0.449500125197
1.0,0.493200688343
0.0,0.51510061588
1.0,0.510626238447
1.0,0.469030881979
0.0,0.508902679941
0.0,0.506841231361
0.0,0.526639179737
0.0,0.515483474206
1.0,0.492280192397
1.0,0.52823046505
1.0,0.483816178418
0.0,0.496711785068
1.0,0.498840305045
1.0,0.470503314329
0.0,0.515380334203
1.0,0.519769329214
0.0,0.520240581502
1.0,0.516266207515
1.0,0.496822205512
1.0,0.515133021493
1.0,0.500237404785
1.0,0.508665758747
0.0,0.439853134031
1.0,0.477179874667
1.0,0.505690234011
0.0,0.525358651883
1.0,0.535631848891
1.0,0.524936810106
0.0,0.529847585527
1.0,0.522954625021
0.0,0.498520955994
1.0,0.497412732713
0.0,0.513569652398
1.0,0.473222856674
1.0,0.474295902635
1.0,0.504291644915
0.0,0.504558597224
1.0,0.51560676165
0.0,0.509289972244
0.0,0.482822503868
0.0,0.52351105111
0.0,0.519992814201
0.0,0.528013467909
1.0,0.517903756732
1.0,0.515291614892
1.0,0.510992650903
0.0,0.491449787505
1.0,0.503146974675
1.0,0.539273920116
0.0,0.516464102712
0.0,0.49458700745
0.0,0.520591521169
1.0,0.507293310906
0.0,0.509845361932
1.0,0.503878258808
0.0,0.501618967847
0.0,0.530683341089
0.0,0.516390557265
0.0,0.462722774869
1.0,0.522508534787
0.0,0.491618482358
0.0,0.50391875919
0.0,0.531336714603
0.0,0.530308767334
1.0,0.522317028257
1.0,0.515771090155
0.0,0.522736889554
0.0,0.489177510808
0.0,0.5021313901
0.0,0.498219908638
1.0,0.488316101403
1.0,0.521976275994
0.0,0.49118627687
0.0,0.464228914246
1.0,0.510917025485
0.0,0.52811065023
0.0,0.494816605697
0.0,0.511335659995
0.0,0.524932542374
0.0,0.534554810249
1.0,0.499322461523
1.0,0.517152328793
0.0,0.51467271983
0.0,0.477507814999
1.0,0.509766674162
1.0,0.492590302928
0.0,0.523962942019
1.0,0.460687476447
0.0,0.486741136321
0.0,0.523620481105
1.0,0.500232784932
1.0,0.514329035387
1.0,0.518671057978
0.0,0.509645231054
0.0,0.509764965097
0.0,0.513369505267
1.0,0.503263387657
1.0,0.488302544802
1.0,0.501940006574
1.0,0.49325437108
1.0,0.499442479626
1.0,0.532077106798
1.0,0.522934492987
0.0,0.503741678561
0.0,0.518944498548
0.0,0.493635335127
0.0,0.508248850718
1.0,0.463574322491
1.0,0.522087531951
1.0,0.500917270427
0.0,0.530694669954
0.0,0.486694919552
1.0,0.419738222266
0.0,0.516756904302
0.0,0.520089148768
0.0,0.506047870211
0.0,0.514973657942
1.0,0.537144126901
1.0,0.499538392762
0.0,0.531805920615
0.0,0.507235471294
0.0,0.527894563861
0.0,0.483093835579
1.0,0.502141058631
0.0,0.509708287484
1.0,0.49826613018
0.0,0.486071106522
1.0,0.534139059515
1.0,0.518208006039
1.0,0.458818112319
0.0,0.506252080336
0.0,0.547570610257
0.0,0.481593318508
0.0,0.516563973086
0.0,0.472737389455
0.0,0.506453841473
0.0,0.49260613932
0.0,0.485264921032
0.0,0.523421692113
0.0,0.512335340964
0.0,0.503450272583
1.0,0.514242368201
0.0,0.508324911497
0.0,0.441417222134
0.0,0.511849445609
0.0,0.511941482272
1.0,0.526443688992
0.0,0.519045164117
1.0,0.51914496506
0.0,0.478787031838
0.0,0.534974335328
0.0,0.513200317034
0.0,0.502299410792
0.0,0.460916167396
1.0,0.516392045099
1.0,0.486484997104
1.0,0.489601846772
1.0,0.512427375763
0.0,0.50473808879
0.0,0.482195470507
0.0,0.514903081784
0.0,0.529947914147
0.0,0.483604691095
1.0,0.535374131145
1.0,0.446118877082
1.0,0.463708656937
0.0,0.520833831598
1.0,0.513222449755
0.0,0.509573424459
1.0,0.514362077404
0.0,0.485721501431
0.0,0.505359405444
0.0,0.513611200268
1.0,0.483683399207
1.0,0.513688443009
1.0,0.523388483106
1.0,0.50496305515
1.0,0.513117224318
0.0,0.531393794447
1.0,0.51698657385
0.0,0.462485226509
1.0,0.526630691329
0.0,0.519120624819
0.0,0.514540682087
1.0,0.533273908352
0.0,0.510992781846
0.0,0.515688541371
0.0,0.502745387026
0.0,0.499366550829
1.0,0.506809430291
0.0,0.475745856134
1.0,0.488411480811
1.0,0.512647298512
0.0,0.447970576712
0.0,0.48390785087
0.0,0.448244256513
0.0,0.508007764996
1.0,0.506718089139
1.0,0.520200707254
1.0,0.507833027972
0.0,0.495100073126
1.0,0.484414066283
0.0,0.4770689155
0.0,0.533952184113
0.0,0.523628497148
1.0,0.504164556851
0.0,0.450711102792
0.0,0.509002249873
0.0,0.510294789945
0.0,0.493271993303
1.0,0.501589192451
1.0,0.498648871317
0.0,0.508683638839
0.0,0.527942764875
0.0,0.477075607647
1.0,0.514338021857
0.0,0.520529171415
1.0,0.507428735731
1.0,0.506483519438
1.0,0.512427492459
1.0,0.477789863933
0.0,0.507436016935
0.0,0.512079541105
1.0,0.512273353112
1.0,0.51929917392
0.0,0.523175472756
0.0,0.474544257154
0.0,0.485734832988
1.0,0.459965034892
1.0,0.502022214565
0.0,0.510116637178
0.0,0.514151743163
0.0,0.441182302586
1.0,0.511374346924
0.0,0.518367861792
1.0,0.525295858215
1.0,0.513208854035
0.0,0.52844170707
1.0,0.514663679017
0.0,0.519941680886
0.0,0.489210468719
1.0,0.505957507788
0.0,0.484139244708
0.0,0.508279297352
1.0,0.507500889582
0.0,0.514866258698
1.0,0.502548955542
1.0,0.504228624411
1.0,0.5177189048
0.0,0.539557494365
1.0,0.397804728012
0.0,0.499739876681
0.0,0.473995215388
0.0,0.504214972016
1.0,0.50428609767
0.0,0.522066326761
1.0,0.5045097333
0.0,0.509876122617
1.0,0.492501931001
0.0,0.514752586355
0.0,0.52229079949
0.0,0.468023618297
0.0,0.499981689511
0.0,0.489275664992
0.0,0.523055124804
0.0,0.526381704587
0.0,0.506365119599
1.0,0.496321062325
1.0,0.521933093593
1.0,0.506682674446
1.0,0.540248417979
0.0,0.517398605076
0.0,0.508957489326
1.0,0.509624898327
0.0,0.493543261446
1.0,0.501937235023
1.0,0.498698264107
1.0,0.512942829536
1.0,0.50689419891
0.0,0.549723420412
1.0,0.490529236285
1.0,0.498444383798
1.0,0.512621548343
0.0,0.513688531372
1.0,0.526951642203
1.0,0.485634491459
0.0,0.532501462537
1.0,0.522627394058
1.0,0.520604547041
1.0,0.487428436886
0.0,0.45889144089
0.0,0.505104488619
1.0,0.493459793255
1.0,0.505073520474
0.0,0.516231686324
0.0,0.49938498125
0.0,0.522674651911
1.0,0.504155308906
0.0,0.517302903186
0.0,0.518462897937
0.0,0.507613433022
0.0,0.520757933418
1.0,0.516536941785
1.0,0.511044089916
1.0,0.503306709178
0.0,0.510410432273
1.0,0.514053982015
1.0,0.457235155497
0.0,0.507172002795
0.0,0.501290219288
1.0,0.504793045924
0.0,0.510473759474
1.0,0.505878792474
0.0,0.512467148903
0.0,0.507507152932
0.0,0.511073306478
0.0,0.528468887918
0.0,0.504660318207
0.0,0.498377981265
0.0,0.473378402776
0.0,0.510710542934
1.0,0.504893937816
0.0,0.525267822243
1.0,0.521991509179
1.0,0.501304540933
1.0,0.519853272664
1.0,0.511979232616
1.0,0.495100851408
0.0,0.523806355069
1.0,0.516657728574
0.0,0.509891579762
0.0,0.506417670951
1.0,0.508613638121
0.0,0.529621745157
1.0,0.493487046012
1.0,0.505754969979
0.0,0.510957935155
1.0,0.519559505793
0.0,0.488436016677
1.0,0.487051305656
1.0,0.469198176265
0.0,0.523866394711
0.0,0.545681232152
1.0,0.521067936235
0.0,0.502644258953
1.0,0.508549779836
0.0,0.477935727303
1.0,0.547406640502
0.0,0.535660022269
1.0,0.521439311478
0.0,0.506908074018
1.0,0.493537005434
0.0,0.483150036188
1.0,0.502307131551
0.0,0.497754706256
0.0,0.483696362583
0.0,0.520449119056
0.0,0.45026930795
0.0,0.484446151303
0.0,0.462567289729
0.0,0.483171158279
1.0,0.510825272241
1.0,0.484966299227
1.0,0.530725041663
0.0,0.526929314257
1.0,0.453033786858
1.0,0.481273506424
1.0,0.524451647231
0.0,0.516834233367
0.0,0.44051418199
0.0,0.496106146565
0.0,0.533680675833
0.0,0.513866035484
1.0,0.490718433942
1.0,0.506871335323
0.0,0.527286253343
0.0,0.484573248365
0.0,0.511738873572
1.0,0.514238838574
1.0,0.446057439238
0.0,0.508218411651
0.0,0.509101038264
1.0,0.513131721562
0.0,0.49056686447
0.0,0.509662073778
0.0,0.509719652491
0.0,0.506409940838
1.0,0.507734250758
0.0,0.518598091084
0.0,0.516489377586
1.0,0.453229511816
1.0,0.495523687641
1.0,0.525563691542
1.0,0.494059016419
0.0,0.50451860625
0.0,0.521338700501
1.0,0.482092714566
1.0,0.50455758713
0.0,0.513143705821
1.0,0.517847459066
0.0,0.465970732776
0.0,0.50856280584
1.0,0.501644924334
0.0,0.498282733083
1.0,0.512490568418
0.0,0.520995441186
1.0,0.499508286933
0.0,0.518036891417
0.0,0.506495930161
1.0,0.507986642233
1.0,0.492222729673
0.0,0.455272844242
0.0,0.508836543251
1.0,0.519724805385
0.0,0.493199793639
0.0,0.501622062375
1.0,0.504866706617
1.0,0.509723552653
0.0,0.518824560083
1.0,0.478816987333
1.0,0.459241120289
0.0,0.451847729509
1.0,0.52218042762
0.0,0.51430970128
0.0,0.472739428045
1.0,0.479065189991
0.0,0.494000956309
1.0,0.52340324776
1.0,0.465038226357
1.0,0.513287172085
1.0,0.506357375959
1.0,0.504406150262
0.0,0.513906210888
0.0,0.496129074181
0.0,0.531145646218
0.0,0.520074710574
1.0,0.517870832583
0.0,0.526247673229
0.0,0.512248844557
0.0,0.500796084061
0.0,0.51297164081
1.0,0.505490317445
0.0,0.487709456412
0.0,0.5205178798
1.0,0.496544628909
1.0,0.506320074329
0.0,0.478103705199
1.0,0.526346899818
0.0,0.523296704555
0.0,0.503242204271
1.0,0.491347985926
1.0,0.487868960067
1.0,0.504254026089
0.0,0.501613481906
1.0,0.511922991543
0.0,0.511458491917
0.0,0.509303803374
1.0,0.512439557548
1.0,0.509997062548
0.0,0.505623075117
0.0,0.529648022887
1.0,0.489966114115
0.0,0.513020259427
1.0,0.489724008994
1.0,0.478351804265
0.0,0.501264160849
1.0,0.508629523459
1.0,0.489421710602
0.0,0.506907623374
1.0,0.506198751515
1.0,0.498756436663
1.0,0.519397201884
1.0,0.50437368683
0.0,0.535139306243
0.0,0.497648440113
0.0,0.510818004974
1.0,0.498457885394
0.0,0.524870466599
1.0,0.510904056902
1.0,0.513602476408
1.0,0.512747818911
1.0,0.518740947972
1.0,0.476487956306
0.0,0.504587520639
0.0,0.490594289813
0.0,0.508855385303
0.0,0.504049108239
0.0,0.483350702525
0.0,0.514579551719
1.0,0.505380026017
1.0,0.503987313233
0.0,0.543777670524
1.0,0.446097522278
0.0,0.505139541977
0.0,0.507160611623
1.0,0.509049954598
0.0,0.499568944202
1.0,0.482617146969
0.0,0.500029392982
0.0,0.481962899651
1.0,0.498805118797
1.0,0.521293846132
1.0,0.51177567153
0.0,0.503040633929
1.0,0.500914551978
1.0,0.483367933542
0.0,0.502577039635
0.0,0.518984093844
0.0,0.503250161845
1.0,0.4900229856
1.0,0.498374937103
1.0,0.4825012818
1.0,0.511212611898
1.0,0.520520991632
0.0,0.519361120608
1.0,0.520864751221
0.0,0.518583338005
1.0,0.528174249581
0.0,0.513975199079
1.0,0.484415854842
1.0,0.513848865607
1.0,0.529881347301
0.0,0.522506943585
1.0,0.508363850295
0.0,0.510659685209
0.0,0.489077108137
0.0,0.511424738565
1.0,0.480441178421
0.0,0.486810922604
1.0,0.506030770497
0.0,0.47411614525
0.0,0.490966601722
0.0,0.519664601453
1.0,0.484736201389
0.0,0.518097438206
1.0,0.502691098461
0.0,0.504065574319
0.0,0.495734243022
0.0,0.503881353185
1.0,0.523792521331
1.0,0.530451595677
1.0,0.53388925677
0.0,0.417540737188
1.0,0.506752632189
1.0,0.477844786084
1.0,0.532823339263
0.0,0.525012518519
1.0,0.498869801886
1.0,0.489229883597
0.0,0.51280810928
1.0,0.508401348995
0.0,0.520179101128
1.0,0.509676982385
0.0,0.479509206758
1.0,0.479397018833
1.0,0.506453837107
1.0,0.469058953078
0.0,0.510257873371
1.0,0.510527752608
0.0,0.515574419236
1.0,0.514928081849
1.0,0.530972442018
1.0,0.489140644107
1.0,0.535319995127
1.0,0.52433548383
1.0,0.393946561513
1.0,0.445668441157
1.0,0.509427610645
1.0,0.502732939979
1.0,0.511561573873
0.0,0.518394645972
0.0,0.516021962695
1.0,0.507108920784
0.0,0.49433886986
1.0,0.508882680691
1.0,0.535870644908
1.0,0.523869929527
1.0,0.509255871786
0.0,0.464605102768
0.0,0.522917090724
1.0,0.466345910584
1.0,0.514944151886
1.0,0.541524653769
0.0,0.509970970889
0.0,0.462601133708
1.0,0.489179244339
1.0,0.504020850595
1.0,0.498451380172
1.0,0.506888612436
0.0,0.503779079167
1.0,0.519978018246
0.0,0.532766999496
0.0,0.45902354175
1.0,0.519298262953
0.0,0.526451151587
0.0,0.431964659518
1.0,0.502298401412
1.0,0.486373412041
0.0,0.512805647887
0.0,0.49123313492
0.0,0.494794838449
0.0,0.515185815987
0.0,0.469909255417
1.0,0.506524146596
1.0,0.460206032131
1.0,0.455691256573
0.0,0.482954229852
0.0,0.491061534924
0.0,0.493376930559
1.0,0.522523678119
0.0,0.509823222137
1.0,0.508606650349
1.0,0.455169063326
0.0,0.498688338984
1.0,0.51513934911
0.0,0.515822825271
1.0,0.491274837895
1.0,0.525688625106
0.0,0.511561961358
1.0,0.521247818512
0.0,0.519939849358
1.0,0.491346082961
0.0,0.508569431474
0.0,0.517891937003
0.0,0.505372949481
1.0,0.521915210804
1.0,0.501809976008
0.0,0.457765092274
0.0,0.494779515579
0.0,0.497441621165
0.0,0.522463368942
0.0,0.491528507856
1.0,0.549046595531
1.0,0.522201430758
0.0,0.493303853207
1.0,0.456545389742
1.0,0.497500454424
1.0,0.431651396958
0.0,0.5032709243
1.0,0.513288228179
1.0,0.511188371773
0.0,0.520964558909
1.0,0.515355399285
0.0,0.533008035025
1.0,0.516038280757
0.0,0.522868167498
0.0,0.507725602779
1.0,0.512974340802
1.0,0.497582981557
0.0,0.483907758524
0.0,0.510870559507
1.0,0.517420123012
1.0,0.502945440717
0.0,0.481651283058
1.0,0.515967673164
1.0,0.51878880987
1.0,0.520416834639
1.0,0.50881088489
1.0,0.464768909962
0.0,0.522017266152
0.0,0.513690038963
0.0,0.514894177321
0.0,0.49529527674
0.0,0.484295058934
1.0,0.521334829144
1.0,0.498846561845
0.0,0.487355094428
1.0,0.512692494262
1.0,0.527435089204
1.0,0.521895363907
0.0,0.461251763016
0.0,0.495464818421
1.0,0.500261573989
0.0,0.503038715228
1.0,0.539290463426
1.0,0.504906373223
1.0,0.488787885923
1.0,0.521151445123
0.0,0.527275285798
0.0,0.51759012188
0.0,0.523336087121
1.0,0.513862345267
1.0,0.529940860251
1.0,0.528124272615
1.0,0.488960634691
1.0,0.469057611463
0.0,0.511477312799
1.0,0.520480487274
1.0,0.503939027008
0.0,0.4868022016
0.0,0.435619437438
1.0,0.506950231212
0.0,0.510225514314
0.0,0.50244922568
0.0,0.519068525526
0.0,0.508810847818
1.0,0.493777498728
1.0,0.523481159913
0.0,0.517575437729
1.0,0.491752695961
0.0,0.510643197693
1.0,0.492926857051
1.0,0.460052985345
1.0,0.487688858227
1.0,0.522476574226
1.0,0.500368833483
0.0,0.50050139015
1.0,0.529315697509
1.0,0.523733688056
1.0,0.483499819984
1.0,0.476836527492
0.0,0.492948586724
1.0,0.527143146285
1.0,0.477632644558
0.0,0.470419290425
0.0,0.530789176072
1.0,0.47123628607
1.0,0.514282322039
1.0,0.516471893314
0.0,0.52340633486
0.0,0.505340897661
1.0,0.480552937712
1.0,0.479295970069
0.0,0.477649916728
1.0,0.503049907692
0.0,0.506957138472
0.0,0.519508710205
0.0,0.513595371533
1.0,0.492908951826
0.0,0.489074177
1.0,0.522574590924
0.0,0.463362628709
1.0,0.523946796848
1.0,0.502838522677
1.0,0.525572006111
1.0,0.504546788112
1.0,0.554746504923
0.0,0.47970369455
0.0,0.520227027865
0.0,0.530113827294
0.0,0.524116959953
1.0,0.513585870213
1.0,0.488939054624
1.0,0.500662885379
0.0,0.503220220695
1.0,0.540532971379
1.0,0.512627918539
1.0,0.512613626126
1.0,0.468367296762
0.0,0.516924207513
1.0,0.506527236374
0.0,0.452106275516
0.0,0.502000821409
1.0,0.518829742688
0.0,0.487213608503
1.0,0.525651472335
1.0,0.46633009864
0.0,0.517822175474
1.0,0.51021159841
0.0,0.50243145984
1.0,0.50669612241
1.0,0.481109157802
0.0,0.510553802717
1.0,0.486375104599
0.0,0.509735395401
0.0,0.512924318082
0.0,0.531840449576
1.0,0.447899653541
1.0,0.513794273129
1.0,0.516479947132
0.0,0.507290798845
1.0,0.504651927457
1.0,0.511254076512
0.0,0.465404370595
0.0,0.483745665878
0.0,0.506597256658
0.0,0.503494106331
0.0,0.540926799444
1.0,0.505778234184
0.0,0.517623246854
0.0,0.503737564976
1.0,0.513903534328
0.0,0.523177629215
1.0,0.455736960323
1.0,0.535447540169
1.0,0.511897408765
0.0,0.526261404418
1.0,0.530237316747
0.0,0.52465991101
0.0,0.53139710898
1.0,0.488429893382
1.0,0.532135099341
1.0,0.484311154667
1.0,0.520647490706
1.0,0.50188609956
1.0,0.521916628125
1.0,0.520715689884
0.0,0.506626163728
0.0,0.473164813311
1.0,0.426590718354
0.0,0.507723664756
1.0,0.494172529251
1.0,0.515594972209
0.0,0.512006259543
0.0,0.514105074227
0.0,0.477091835952
1.0,0.484008446594
1.0,0.502564724714
1.0,0.499083072252
1.0,0.481906174573
0.0,0.522266230862
0.0,0.510589260474
0.0,0.47421167713
0.0,0.508321192566
0.0,0.534378880109
0.0,0.505677636258
0.0,0.520054085647
0.0,0.442139442604
1.0,0.502593879427
0.0,0.498943790133
0.0,0.51189206709
0.0,0.461287566169
0.0,0.516265364667
1.0,0.499541295328
0.0,0.517773823078
0.0,0.519581962599
0.0,0.472517487999
0.0,0.52974985256
0.0,0.475336935872
0.0,0.531628053569
1.0,0.536643962966
0.0,0.493661235807
1.0,0.501987445565
1.0,0.534827863391
1.0,0.514166570191
1.0,0.474329928413
0.0,0.52692860586
1.0,0.491078307181
1.0,0.531399453371
0.0,0.493342020965
1.0,0.499383930104
0.0,0.51252197387
1.0,0.510725504656
1.0,0.52820361064
0.0,0.499835582923
0.0,0.488787615353
0.0,0.515205726279
1.0,0.441394935982
0.0,0.516486435257
1.0,0.517124102937
1.0,0.438073448048
0.0,0.517038847325
0.0,0.445860564698
1.0,0.477904990872
1.0,0.538906278623
1.0,0.484424035044
1.0,0.524749560284
1.0,0.485705513829
1.0,0.507818748134
1.0,0.511125456827
0.0,0.528053028303
1.0,0.502530860676
0.0,0.489615904138
0.0,0.511066459993
1.0,0.498862658164
1.0,0.4877352855
0.0,0.492289706776
1.0,0.52004171931
0.0,0.46983772841
1.0,0.5154276426
0.0,0.506261791396
1.0,0.512244297232
1.0,0.513096893894
0.0,0.49332144761
0.0,0.503825238609
0.0,0.509338227483
0.0,0.507025192673
0.0,0.52619550001
0.0,0.522912030792
1.0,0.510832076162
0.0,0.533119362824
0.0,0.488025089342
1.0,0.509940137289
1.0,0.505631546072
0.0,0.522761789679
0.0,0.501820940048
0.0,0.511295160901
1.0,0.504348884806
1.0,0.542937381107
1.0,0.484140840081
0.0,0.526528774131
0.0,0.484240138577
1.0,0.515852861
0.0,0.521789593754
0.0,0.515921691916
0.0,0.505286589336
0.0,0.50422809973
1.0,0.519554147979
1.0,0.52648628081
1.0,0.490415046384
1.0,0.494576646828
1.0,0.51311685921
0.0,0.505161586347
1.0,0.506116769464
0.0,0.516918657387
0.0,0.480884591184
0.0,0.507424575643
1.0,0.502298856946
1.0,0.478295866182
0.0,0.504224363859
1.0,0.515211387022
0.0,0.520590329369
0.0,0.492384830123
1.0,0.43910166771
1.0,0.531848238925
0.0,0.501437187031
0.0,0.527160128156
0.0,0.494641400452
1.0,0.532122761519
0.0,0.496360290531
1.0,0.505410913243
1.0,0.473876952756
1.0,0.506653552989
1.0,0.526871463726
1.0,0.45495415008
0.0,0.489197931581
0.0,0.52431650042
0.0,0.471992464201
1.0,0.507299988153
0.0,0.524252915128
0.0,0.518723015146
1.0,0.516334446099
0.0,0.54294786371
0.0,0.528493995734
1.0,0.485164944401
0.0,0.505776408757
1.0,0.489688992391
0.0,0.526247133921
0.0,0.500204990704
0.0,0.505015881888
0.0,0.505947404096
0.0,0.478401366098
1.0,0.517247847007
0.0,0.504830024862
0.0,0.508465578552
0.0,0.511705356853
0.0,0.508510475287
1.0,0.44164131636
1.0,0.517496253048
1.0,0.502482457572
1.0,0.509577621693
0.0,0.488741974936
0.0,0.520519075335
1.0,0.536213128727
1.0,0.502355135603
1.0,0.480788741165
1.0,0.506134637249
1.0,0.513633217906
0.0,0.512485166757
0.0,0.542787987618
0.0,0.510777883298
1.0,0.514139481734
1.0,0.47692030336
1.0,0.509574304497
0.0,0.508723774935
0.0,0.51241270256
1.0,0.507004056861
1.0,0.508790002949
0.0,0.518299861826
1.0,0.477427466491
1.0,0.510288092077
0.0,0.53881567177
0.0,0.520525250882
0.0,0.513160267861
0.0,0.513802487065
1.0,0.505564099286
0.0,0.520287465458
1.0,0.493750031623
0.0,0.490786271881
1.0,0.509548834534
0.0,0.530451146006
1.0,0.465344448892
0.0,0.507326576478
0.0,0.515420544477
0.0,0.556136725167
0.0,0.527310278403
1.0,0.475724390934
1.0,0.517051630238
0.0,0.425417241232
1.0,0.50836075696
0.0,0.51029646668
1.0,0.519595867475
0.0,0.511988632839
0.0,0.524844287061
1.0,0.476303691718
0.0,0.526697802302
0.0,0.514083255325
1.0,0.511219854559
0.0,0.504157785946
1.0,0.487207479986
1.0,0.506695660545
1.0,0.505909196609
0.0,0.519879406551
1.0,0.510587197282
0.0,0.495679535336
1.0,0.475616449981
1.0,0.509530910182
0.0,0.487025666511
1.0,0.526268902906
0.0,0.500958136423
0.0,0.530035284989
0.0,0.511235010515
1.0,0.522051920501
1.0,0.511867741669
1.0,0.396398754301
1.0,0.504480941156
0.0,0.486768457938
1.0,0.510260213965
0.0,0.488194977252
1.0,0.513900474712
0.0,0.514467394575
0.0,0.510324851402
1.0,0.503346575313
0.0,0.507982996162
1.0,0.507311626012
0.0,0.522437504564
1.0,0.519606413199
0.0,0.508226440106
0.0,0.506819565231
0.0,0.529472960117
1.0,0.500448295396
0.0,0.508550754476
0.0,0.536532712611
1.0,0.510025243124
1.0,0.50564841577
0.0,0.518445815917
0.0,0.518277425255
0.0,0.503997286589
1.0,0.491243278972
0.0,0.517106805967
0.0,0.522607318893
0.0,0.516853533387
1.0,0.519268495856
0.0,0.506313365461
0.0,0.514847422927
1.0,0.53310095635
1.0,0.514609624861
0.0,0.512992441188
1.0,0.522735199292
1.0,0.507506563696
1.0,0.51534526313
1.0,0.452677447914
0.0,0.476972223493
1.0,0.528139325831
1.0,0.458961009199
1.0,0.514315593766
1.0,0.433623283574
1.0,0.491624121569
1.0,0.517991136191
1.0,0.501450007158
1.0,0.543144309869
1.0,0.491608583998
1.0,0.517523220065
0.0,0.531857878806
1.0,0.502415808505
0.0,0.511210906258
0.0,0.509436272895
0.0,0.491176863529
1.0,0.500544931797
0.0,0.52710357133
1.0,0.505387697166
0.0,0.519400129672
1.0,0.438053508934
1.0,0.505661198718
0.0,0.496417808542
1.0,0.523050689016
1.0,0.501017616199
1.0,0.480835689618
1.0,0.529521689846
0.0,0.505433861311
1.0,0.507267284251
0.0,0.51283699259
0.0,0.515587869667
0.0,0.511016985466
1.0,0.511624137711
1.0,0.517750444041
0.0,0.48918570925
1.0,0.51881240616
1.0,0.518084159799
0.0,0.528278485578
1.0,0.48789766519
1.0,0.513568857383
0.0,0.50750648287
1.0,0.509239233232
0.0,0.515361203165
0.0,0.495657292432
0.0,0.533689051218
0.0,0.516601203152
1.0,0.495535447819
0.0,0.530182297921
0.0,0.483807949705
1.0,0.524092067532
1.0,0.534823228399
0.0,0.494524440097
0.0,0.513487145184
0.0,0.509474758846
1.0,0.501822322889
1.0,0.485831360574
1.0,0.522828623661
1.0,0.522723093291
0.0,0.49514520536
0.0,0.499106651815
1.0,0.500642610517
0.0,0.515035357108
0.0,0.498010743354
0.0,0.514398896776
0.0,0.516877658957
1.0,0.514360077077
1.0,0.51350348399
0.0,0.521598817391
0.0,0.479096817369
0.0,0.491978874002
1.0,0.514475687477
0.0,0.483087961502
0.0,0.479264020226
0.0,0.522541815054
1.0,0.517186422205
1.0,0.501006582548
1.0,0.492586031367
1.0,0.510926206516
1.0,0.51500817057
0.0,0.5002266292
1.0,0.534590430271
0.0,0.514632536972
0.0,0.504746227199
0.0,0.497351767892
1.0,0.499129795087
0.0,0.505943737502
1.0,0.495550187448
1.0,0.523006299425
0.0,0.495201604915
1.0,0.485013621385
1.0,0.503731700573
0.0,0.531926674924
1.0,0.506082507144
1.0,0.484229798113
1.0,0.514337937486
0.0,0.474581851249
0.0,0.529188435944
1.0,0.513200385169
0.0,0.519220972992
0.0,0.471332604134
0.0,0.486994351175
1.0,0.520931788204
1.0,0.528297891113
0.0,0.515322403234
0.0,0.510421208409
1.0,0.501540757475
0.0,0.464164355315
1.0,0.502287907506
0.0,0.492758270416
1.0,0.510931447853
0.0,0.523386435487
0.0,0.516460921566
0.0,0.475394236106
1.0,0.511179224377
1.0,0.506874220727
1.0,0.525216400223
0.0,0.502107031243
0.0,0.510460168321
1.0,0.519525863577
1.0,0.502483826554
0.0,0.513117787906
1.0,0.447098578143
1.0,0.491627090964
1.0,0.514205175785
1.0,0.502656712503
0.0,0.461751233636
0.0,0.50771155876
0.0,0.524360813293
0.0,0.48857120453
0.0,0.519681390375
1.0,0.514155663297
0.0,0.504764251429
0.0,0.470730077072
1.0,0.4846199051
0.0,0.507599128993
0.0,0.522113955419
1.0,0.491581559938
1.0,0.53602620369
0.0,0.530752169293
0.0,0.491409672361
1.0,0.499986367832
0.0,0.502988646969
1.0,0.511222019537
0.0,0.505207408106
1.0,0.527002596799
1.0,0.526407493677
1.0,0.50143552266
0.0,0.510965194446
0.0,0.503267822209
0.0,0.531759498721
1.0,0.518138311975
1.0,0.501284602853
0.0,0.44188400566
0.0,0.510865774003
1.0,0.495752156472
0.0,0.486269084758
0.0,0.519549895931
1.0,0.511727212282
0.0,0.519017314447
0.0,0.517464063872
1.0,0.506602073036
1.0,0.487233245136
0.0,0.508153676169
0.0,0.516758458037
1.0,0.499201525486
1.0,0.507792425847
1.0,0.468776619131
1.0,0.500100610645
0.0,0.523924571941
1.0,0.50793813716
1.0,0.515260313792
0.0,0.537149189989
1.0,0.516671540188
0.0,0.48880382283
1.0,0.528792942673
1.0,0.48984734184
1.0,0.473796033337
1.0,0.499399883887
0.0,0.502499063374
0.0,0.526671272353
1.0,0.533866009096
0.0,0.517762514674
0.0,0.497260501317
1.0,0.484791730612
0.0,0.502363673776
1.0,0.505339917936
1.0,0.510232993852
1.0,0.528914873087
0.0,0.529920190712
1.0,0.494089553792
1.0,0.485005851695
1.0,0.498283736919
1.0,0.491133174123
1.0,0.514167625125
0.0,0.486278114955
0.0,0.514028563479
1.0,0.525796269123
1.0,0.520067199144
1.0,0.530411755061
0.0,0.487361215273
1.0,0.491469882576
1.0,0.468904986602
0.0,0.504513971263
1.0,0.479971378891
1.0,0.518724958299
1.0,0.512210670073
1.0,0.480488871605
0.0,0.484822597068
0.0,0.474891464479
1.0,0.444687280784
0.0,0.480358589812
1.0,0.494096955571
1.0,0.514015657414
1.0,0.521940232638
0.0,0.497258578963
1.0,0.5076419777
0.0,0.53497744588
1.0,0.52606383628
0.0,0.529610072958
0.0,0.486155269784
1.0,0.47668779286
0.0,0.518431931131
1.0,0.460274830478
0.0,0.498568980054
0.0,0.521310683412
1.0,0.518892029985
0.0,0.511287779419
1.0,0.518826105749
1.0,0.543442592412
0.0,0.497385079498
1.0,0.507650887073
1.0,0.456563020549
1.0,0.510579834895
1.0,0.507224453421
0.0,0.506180181857
1.0,0.505735463657
1.0,0.491716652151
1.0,0.519785536162
1.0,0.457464226937
0.0,0.501149292616
1.0,0.471184414373
0.0,0.499791529213
1.0,0.495067923455
1.0,0.513797385517
0.0,0.521620827252
1.0,0.52821466025
0.0,0.511563141175
0.0,0.501642604332
1.0,0.538076554828
0.0,0.497839470623
0.0,0.498928473128
1.0,0.513649204682
0.0,0.52726222736
0.0,0.479694377097
1.0,0.499484337118
1.0,0.518473514841
0.0,0.553314738457
1.0,0.508387067689
0.0,0.516424859209
0.0,0.528126683002
0.0,0.523928293751
0.0,0.505965234727
0.0,0.494690517409
0.0,0.501526878131
0.0,0.506068856812
0.0,0.526934232284
0.0,0.511817186268
0.0,0.502348776531
1.0,0.530354012216
1.0,0.528466109367
0.0,0.508526005899
0.0,0.513810494944
0.0,0.521373270465
0.0,0.479359944232
0.0,0.490028544416
1.0,0.453531165602
0.0,0.522151164507
0.0,0.467226155019
1.0,0.514053979871
0.0,0.526100350101
0.0,0.475260986504
1.0,0.514206547007
1.0,0.524359113874
1.0,0.536554337062
1.0,0.47544337404
0.0,0.508732206119
0.0,0.523368835413
0.0,0.477651358749
0.0,0.510150068715
1.0,0.514858523363
1.0,0.505268438316
1.0,0.473617325629
1.0,0.513311250963
1.0,0.522402112564
0.0,0.515838240756
0.0,0.522941430674
1.0,0.537237271556
0.0,0.514057096027
1.0,0.480383428738
1.0,0.463179442787
1.0,0.5210039748
1.0,0.455188700464
0.0,0.477732404621
1.0,0.509818095829
0.0,0.517943243378
0.0,0.528129730616
1.0,0.467865888622
1.0,0.52042395262
1.0,0.516905249504
0.0,0.524677982909
0.0,0.497777199123
1.0,0.517290215407
1.0,0.530715725347
0.0,0.518891869026
1.0,0.514645812047
1.0,0.483089030366
1.0,0.52249934933
0.0,0.530338789533
1.0,0.466380241114
0.0,0.472664944722
0.0,0.514296847529
1.0,0.503463832906
0.0,0.514082226403
1.0,0.509414190892
0.0,0.438074934634
0.0,0.523241757489
0.0,0.516996469366
1.0,0.503103540853
1.0,0.509887881846
1.0,0.507949600767
1.0,0.478848941241
0.0,0.504461633679
0.0,0.421952012062
1.0,0.50831214738
0.0,0.497873660064
0.0,0.505910525327
0.0,0.514197079997
1.0,0.528173142274
1.0,0.474389895139
1.0,0.450686032291
1.0,0.469724437564
0.0,0.517772738855
1.0,0.448416815131
0.0,0.512143953035
0.0,0.521580209168
1.0,0.516912230762
0.0,0.491637678713
1.0,0.496557838497
0.0,0.541901314622
0.0,0.514045619884
0.0,0.523536355748
0.0,0.48497259135
1.0,0.492798201606
0.0,0.50477970757
0.0,0.536576547959
0.0,0.511425549405
1.0,0.507276975917
1.0,0.500363353395
1.0,0.468178608886
0.0,0.528645071698
0.0,0.475715428584
1.0,0.50891616782
0.0,0.519987366133
0.0,0.505808913226
0.0,0.531421678484
0.0,0.517816180183
1.0,0.483882369927
0.0,0.497774405076
1.0,0.435158854806
0.0,0.469574815068
1.0,0.501393415102
1.0,0.512971859143
0.0,0.509868641809
0.0,0.49960582119
1.0,0.485020161171
1.0,0.498861100199
1.0,0.477155297407
1.0,0.445515618561
0.0,0.515823012424
0.0,0.53198722788
1.0,0.524776487582
0.0,0.499039258882
1.0,0.456130038933
0.0,0.491113415136
0.0,0.492291529847
0.0,0.520431748174
1.0,0.522565638216
0.0,0.548943034353
0.0,0.512213999592
0.0,0.514420212846
1.0,0.513973234656
1.0,0.529430480945
0.0,0.48469652555
1.0,0.509298080892
0.0,0.491244689868
1.0,0.518266750717
1.0,0.519709423717
0.0,0.518205178781
0.0,0.514172118063
0.0,0.522904539689
0.0,0.521918874338
1.0,0.514491145401
1.0,0.515772564949
0.0,0.519616636604
0.0,0.407109947684
0.0,0.476157801342
0.0,0.431709638581
0.0,0.502079440073
1.0,0.539064088318
1.0,0.47082874988
0.0,0.501018958009
1.0,0.498238617099
1.0,0.506467803812
0.0,0.512406348445
1.0,0.520743818779
1.0,0.456794067828
1.0,0.503494598916
0.0,0.520950494053
1.0,0.516978024761
0.0,0.517631958362
0.0,0.49057465436
1.0,0.515318394946
1.0,0.537468253541
0.0,0.497761208221
0.0,0.51157316997
1.0,0.508052798094
0.0,0.529973969256
0.0,0.508484895831
0.0,0.548059819617
0.0,0.535603181328
0.0,0.519597425505
0.0,0.495667162079
0.0,0.481311669113
1.0,0.525973329698
1.0,0.486224748665
0.0,0.528259107667
0.0,0.500034931413
0.0,0.508183903272
0.0,0.492908726873
0.0,0.526539698617
1.0,0.468307487592
1.0,0.512270459499
0.0,0.483946047664
0.0,0.503842679659
1.0,0.504155299566
0.0,0.517872556881
0.0,0.519284325267
1.0,0.501139514126
1.0,0.519433927455
0.0,0.515494028882
0.0,0.52980719726
0.0,0.50268393213
1.0,0.528299318379
1.0,0.482347512012
0.0,0.440259443856
0.0,0.518382173787
1.0,0.507586161574
0.0,0.513634472111
0.0,0.515505802827
0.0,0.520592913241
1.0,0.519380445449
1.0,0.509282063373
0.0,0.478819595898
0.0,0.517713719847
1.0,0.511530187211
0.0,0.536750149407
1.0,0.506339917398
0.0,0.451558243237
0.0,0.512750220926
1.0,0.511619460646
1.0,0.521811122985
1.0,0.473703399017
0.0,0.509775779182
0.0,0.515949564496
1.0,0.549405335909
1.0,0.50560557172
1.0,0.507106441052
0.0,0.516162381335
1.0,0.528138165044
0.0,0.500645079556
0.0,0.509478253114
0.0,0.47653733471
0.0,0.508266959561
1.0,0.531335445438
1.0,0.513304417597
0.0,0.499969566244
1.0,0.497961853891
1.0,0.540619958417
1.0,0.541004901071
1.0,0.514185465663
1.0,0.480941800949
1.0,0.510822174513
1.0,0.49467464015
0.0,0.509669690441
0.0,0.51148649646
0.0,0.440660408587
1.0,0.494698761324
1.0,0.52418999593
0.0,0.472030027912
1.0,0.479256305719
0.0,0.513268367549
1.0,0.505909398515
0.0,0.514359018152
0.0,0.515925276344
0.0,0.46796884183
0.0,0.517996743823
1.0,0.515638880363
1.0,0.512302820035
0.0,0.480550277857
1.0,0.47883461088
1.0,0.55106437153
1.0,0.547316578983
0.0,0.495900632525
1.0,0.507045594815
1.0,0.482604082116
0.0,0.486130395712
1.0,0.511942231827
0.0,0.531283882917
1.0,0.491018055859
0.0,0.470044172331
1.0,0.507064956528
0.0,0.482697442306
0.0,0.48447699215
1.0,0.527751563726
0.0,0.51197411943
1.0,0.460874190053
1.0,0.499489240215
1.0,0.45600083016
1.0,0.519926620399
0.0,0.514920385653
1.0,0.522624874923
0.0,0.495378409214
1.0,0.523391127397
1.0,0.480426359777
1.0,0.456498239405
0.0,0.529079911547
0.0,0.455851579189
0.0,0.527215607959
1.0,0.513869282246
1.0,0.519264797896
1.0,0.524721971465
1.0,0.484491566455
1.0,0.529657352364
1.0,0.522418164019
1.0,0.512573060834
0.0,0.501211424673
0.0,0.51080136485
0.0,0.502842460548
0.0,0.51539706223
0.0,0.505561637765
0.0,0.526254347743
0.0,0.473192399275
1.0,0.474971522372
1.0,0.515671430138
1.0,0.459108091156
1.0,0.532713721181
0.0,0.526666437531
1.0,0.533099471997
1.0,0.408245559121
0.0,0.470376699959
0.0,0.514458568892
0.0,0.469974607703
0.0,0.506894235401
0.0,0.518277229585
1.0,0.501452713996
0.0,0.520879431851
1.0,0.521580739696
0.0,0.510055494797
1.0,0.493806264007
1.0,0.507620534916
0.0,0.518269114038
1.0,0.485109822499
0.0,0.518742250693
0.0,0.517871029865
1.0,0.554732161555
1.0,0.527296973091
1.0,0.512935394738
0.0,0.518348820137
0.0,0.515115529072
0.0,0.492748532279
1.0,0.501893097325
0.0,0.517115595116
0.0,0.520242048112
1.0,0.502221911302
0.0,0.538643608724
1.0,0.512100975155
1.0,0.512767711649
1.0,0.517214515749
0.0,0.500922383257
1.0,0.451571976062
1.0,0.484773154458
1.0,0.508482416413
1.0,0.540539950019
1.0,0.503561531256
0.0,0.483861238487
1.0,0.508521699658
0.0,0.520817013845
1.0,0.482292536668
1.0,0.493077489595
0.0,0.512723130007
0.0,0.50425065991
1.0,0.530563826643
0.0,0.486673131197
0.0,0.532043898333
1.0,0.56690999129
1.0,0.449555545757
0.0,0.492241353965
1.0,0.497760720372
1.0,0.515211346218
0.0,0.526868918765
0.0,0.5118485946
0.0,0.461705666678
0.0,0.515183918987
1.0,0.509034002468
0.0,0.520359282014
1.0,0.52105444455
0.0,0.50590324794
0.0,0.542855386547
0.0,0.539472038412
0.0,0.513590901927
1.0,0.522169415418
0.0,0.489759258954
1.0,0.439320678933
0.0,0.538743503087
1.0,0.450811189608
1.0,0.507461524532
0.0,0.508380550232
0.0,0.521221477506
1.0,0.430564819025
0.0,0.424055877071
0.0,0.497101535693
1.0,0.491839895124
0.0,0.463248093289
0.0,0.520733360996
1.0,0.514193303615
0.0,0.507152899327
1.0,0.526384764459
0.0,0.477092139835
1.0,0.498510390816
0.0,0.540608391862
0.0,0.523511952047
1.0,0.491986043412
0.0,0.501202339906
1.0,0.461382677597
0.0,0.520960353638
1.0,0.533659481579
1.0,0.511740284176
1.0,0.508956520534
0.0,0.510618622856
0.0,0.519102530821
1.0,0.482689970026
1.0,0.535149226694
1.0,0.521677344022
1.0,0.509148196497
1.0,0.511984243375
0.0,0.522122484753
1.0,0.505192771186
1.0,0.528372833788
1.0,0.492200294334
0.0,0.508899582824
0.0,0.507611860078
0.0,0.494882244594
1.0,0.473782194038
1.0,0.504392065745
1.0,0.501972362977
1.0,0.516395033999
1.0,0.512109962285
0.0,0.528547159146
1.0,0.500550245256
1.0,0.522377930116
0.0,0.496597152941
0.0,0.516284938206
0.0,0.512798417676
1.0,0.507037676389
1.0,0.512083027285
1.0,0.512782668094
0.0,0.53205022912
0.0,0.514204191741
0.0,0.486705414645
1.0,0.508582205918
1.0,0.495187273326
1.0,0.525150882981
1.0,0.527153715939
1.0,0.521162839279
0.0,0.514824377968
0.0,0.490539157095
0.0,0.504293456854
1.0,0.507230268494
1.0,0.507213195
0.0,0.512321229836
0.0,0.489167596002
1.0,0.471020444914
1.0,0.512236884056
1.0,0.530939014466
1.0,0.514615540471
1.0,0.511154991454
1.0,0.511350297256
1.0,0.516252615332
0.0,0.500202719489
0.0,0.461289870232
1.0,0.514206340441
1.0,0.524013751014
1.0,0.486290933874
0.0,0.508877370121
1.0,0.505167718246
0.0,0.517708198609
1.0,0.509183564742
1.0,0.529836493961
1.0,0.425733276912
1.0,0.511138037931
0.0,0.520015862746
0.0,0.486050195251
1.0,0.510254748491
1.0,0.509316119971
0.0,0.520092313212
0.0,0.497907716892
1.0,0.523014727817
0.0,0.439380070912
1.0,0.519731739651
0.0,0.513117190194
0.0,0.520961097877
0.0,0.486673293405
0.0,0.513271436556
1.0,0.524328512262
0.0,0.519166329286
0.0,0.513354255295
0.0,0.445736075198
1.0,0.433871690446
0.0,0.515563903135
1.0,0.514258866039
1.0,0.465642900874
1.0,0.524113732637
1.0,0.520866988011
0.0,0.502663553101
0.0,0.438645451854
1.0,0.519204471865
0.0,0.504508073407
1.0,0.499752647866
1.0,0.538127349094
1.0,0.513273167494
1.0,0.513191676953
0.0,0.510949336813
1.0,0.466759969533
1.0,0.521406289204
0.0,0.51483816709
1.0,0.526176142059
1.0,0.507833615164
0.0,0.503522485747
0.0,0.510979523863
1.0,0.516577151009
0.0,0.522181980072
0.0,0.529945149696
1.0,0.505473670161
1.0,0.497791096476
0.0,0.505283551581
1.0,0.519921669643
1.0,0.516267778771
1.0,0.526947918154
0.0,0.508768028999
1.0,0.481609986357
0.0,0.497923104202
0.0,0.544195555389
1.0,0.508430812017
0.0,0.482192735769
1.0,0.518943645988
1.0,0.51630813016
0.0,0.508785168425
0.0,0.524442800638
1.0,0.495792244395
0.0,0.48285289018
0.0,0.524624452953
1.0,0.516460253867
0.0,0.538528943925
0.0,0.469206677108
0.0,0.50709712315
0.0,0.51162817218
1.0,0.494662826451
0.0,0.488625456433
1.0,0.512791436548
0.0,0.470990274527
0.0,0.465432823023
1.0,0.512230804552
0.0,0.523225136013
0.0,0.436452596642
1.0,0.497887953257
1.0,0.510781930532
1.0,0.497295192242
0.0,0.500431201034
0.0,0.491510791091
0.0,0.532596577976
1.0,0.513571577615
1.0,0.518287378186
0.0,0.522750534025
1.0,0.497739925207
0.0,0.513249572776
0.0,0.524332073783
1.0,0.524051385619
0.0,0.518154551313
0.0,0.504089582372
1.0,0.534284899626
1.0,0.496786084273
0.0,0.507175466615
0.0,0.485881664398
1.0,0.50344351108
0.0,0.511809760591
0.0,0.455220083695
0.0,0.515340640981
0.0,0.507215959796
0.0,0.508418686671
0.0,0.492162034951
1.0,0.529296731258
1.0,0.454977502836
1.0,0.467978811601
0.0,0.477987079502
1.0,0.529437547273
1.0,0.507688074158
1.0,0.496619006206
0.0,0.527398318371
0.0,0.501566505296
0.0,0.470758419407
1.0,0.500362385361
1.0,0.525151041305
1.0,0.511003670788
0.0,0.506429546407
0.0,0.466379379087
1.0,0.522038951784
1.0,0.527258889606
1.0,0.453120275562
0.0,0.519114321928
1.0,0.488920094087
0.0,0.475073150023
0.0,0.400802499207
0.0,0.530206254598
1.0,0.451268072405
1.0,0.475679607464
1.0,0.51846016645
0.0,0.512432559314
0.0,0.468031470363
1.0,0.519187143447
1.0,0.49828585261
0.0,0.508203585521
0.0,0.541113735753
0.0,0.421701661754
0.0,0.476737188311
0.0,0.506268336194
0.0,0.526707289561
0.0,0.517384513026
0.0,0.503720684619
1.0,0.52216850686
1.0,0.526252360331
0.0,0.482892746165
1.0,0.454284294768
0.0,0.512134478178
0.0,0.487429353021
0.0,0.518270739182
0.0,0.508934233949
1.0,0.44099473885
0.0,0.512320545189
1.0,0.445150819223
0.0,0.526328255339
0.0,0.518949314499
1.0,0.476896954841
1.0,0.502225784211
1.0,0.528788031767
1.0,0.500915060534
0.0,0.445816420672
1.0,0.514407567651
0.0,0.520319467754
1.0,0.51112200906
1.0,0.547963785676
1.0,0.530399807868
1.0,0.484918856228
1.0,0.509445229144
1.0,0.519395632851
1.0,0.525921265588
0.0,0.509603650965
0.0,0.50114672014
0.0,0.497400466206
1.0,0.501753440903
1.0,0.535678848141
1.0,0.504556475065
1.0,0.485877342774
0.0,0.514465742818
1.0,0.472961022921
0.0,0.515285247767
1.0,0.524900213731
0.0,0.515074920735
1.0,0.473131585698
1.0,0.499476194942
0.0,0.473633486035
1.0,0.506067131775
1.0,0.526711844332
1.0,0.467217961405
0.0,0.424128412634
1.0,0.524634094613
1.0,0.509579883922
1.0,0.509350280148
1.0,0.486950919255
0.0,0.48054611716
0.0,0.510970954637
1.0,0.522216705553
0.0,0.524021627186
0.0,0.506627631965
0.0,0.542852105512
0.0,0.503032241691
0.0,0.514055199668
0.0,0.482184126092
0.0,0.521609913828
1.0,0.520687333843
1.0,0.523789508893
0.0,0.505810758732
0.0,0.428017740895
0.0,0.537038097376
1.0,0.484069202905
0.0,0.539454285514
1.0,0.517310509664
1.0,0.52615228605
1.0,0.494219864252
0.0,0.480232704267
0.0,0.518073783679
0.0,0.511322497172
1.0,0.471350140117
1.0,0.508467378189
0.0,0.485925073823
1.0,0.518430276888
0.0,0.530530774081
1.0,0.453990214751
0.0,0.497853614838
1.0,0.505039397816
1.0,0.512883060203
1.0,0.464245048177
0.0,0.511738653943
0.0,0.521143759659
0.0,0.523948364332
1.0,0.517849454494
1.0,0.509645518788
0.0,0.536440893891
1.0,0.501502006208
0.0,0.53001676997
1.0,0.506843146538
0.0,0.506585596032
0.0,0.495465832088
1.0,0.511893109279
0.0,0.514294568871
0.0,0.532001290721
1.0,0.509723403187
0.0,0.519512699675
0.0,0.536828570762
1.0,0.492855319162
1.0,0.480594258993
0.0,0.508047068646
1.0,0.512243113311
0.0,0.486014984265
0.0,0.51425602144
1.0,0.482930095699
1.0,0.511817689164
0.0,0.515365444873
0.0,0.508767115964
0.0,0.471697504593
0.0,0.477137150988
0.0,0.503999772595
1.0,0.529249155272
0.0,0.509875288879
0.0,0.507878918737
0.0,0.446756236223
1.0,0.481468421745
0.0,0.541015863942
1.0,0.511198118494
0.0,0.507380468604
1.0,0.517222884214
0.0,0.525338409683
1.0,0.526527658178
0.0,0.514504150455
0.0,0.492384353837
1.0,0.51870352226
1.0,0.487111305836
1.0,0.513753975336
0.0,0.519573601719
1.0,0.501893323092
0.0,0.524972232921
1.0,0.511724307643
0.0,0.543740224283
0.0,0.528491971098
0.0,0.522723024264
0.0,0.541522252637
1.0,0.482828775022
1.0,0.500110546289
1.0,0.494337661653
1.0,0.505774631585
1.0,0.513227552206
0.0,0.511606362866
0.0,0.488623693201
0.0,0.492393695543
1.0,0.500955739491
0.0,0.488451080758
1.0,0.505393959151
0.0,0.506370901096
1.0,0.491585782969
0.0,0.513669699389
1.0,0.519698584153
1.0,0.52499922384
0.0,0.491765185688
1.0,0.51356489209
0.0,0.506218619392
1.0,0.53040076871
1.0,0.489031811465
0.0,0.486354447323
0.0,0.501904539346
1.0,0.499703066082
1.0,0.514255278142
0.0,0.529502031521
0.0,0.530899421616
1.0,0.500791173793
1.0,0.518296972699
1.0,0.485172932172
0.0,0.527053839988
0.0,0.530281120362
1.0,0.527459835587
1.0,0.518964596254
1.0,0.513629843926
1.0,0.510713915765
0.0,0.514768157166
1.0,0.533788388163
0.0,0.509539621638
1.0,0.518503561449
1.0,0.5169238782
0.0,0.492046574288
1.0,0.521312326999
1.0,0.504472786096
0.0,0.517189855557
0.0,0.513694765728
0.0,0.505041544032
0.0,0.516514374483
0.0,0.467331963967
0.0,0.504790460929
0.0,0.486828721872
0.0,0.504990453613
1.0,0.505190253328
1.0,0.507895648479
1.0,0.463752686981
0.0,0.503382200415
0.0,0.479582556469
1.0,0.521712216166
0.0,0.5092968286
1.0,0.519555444285
0.0,0.507955252653
1.0,0.52516113588
1.0,0.510154979787
1.0,0.529471630893
0.0,0.469490790358
0.0,0.518470627395
1.0,0.508793419269
0.0,0.522462578131
1.0,0.52003299847
1.0,0.496997513636
0.0,0.516717228604
0.0,0.521287132331
0.0,0.506377428644
0.0,0.505530845307
1.0,0.537173762273
1.0,0.524788444844
1.0,0.506390192069
0.0,0.512132941033
0.0,0.493288778057
1.0,0.502768767054
1.0,0.481123840441
1.0,0.514968913177
1.0,0.463671875083
1.0,0.508420025112
0.0,0.462310447501
1.0,0.502404893171
0.0,0.51804703383
0.0,0.476394511231
0.0,0.521456412968
0.0,0.495633403248
1.0,0.472507315886
1.0,0.522661832934
1.0,0.52725971323
1.0,0.526950548264
0.0,0.516846932977
1.0,0.49106993235
1.0,0.489081343972
1.0,0.512562933623
1.0,0.519107944922
0.0,0.434827796462
0.0,0.512223914252
1.0,0.515736158219
1.0,0.503435897802
1.0,0.529809813246
0.0,0.444597505815
0.0,0.50785479826
1.0,0.513883717897
1.0,0.50289716837
1.0,0.491626348964
0.0,0.472654657745
1.0,0.513191868288
1.0,0.513479173692
0.0,0.471894299801
0.0,0.514161043163
0.0,0.504546043217
1.0,0.498878652875
1.0,0.478041211261
0.0,0.495919906145
1.0,0.503248885081
1.0,0.508283794327
1.0,0.513275572098
1.0,0.545445396113
0.0,0.505029653669
1.0,0.526098685475
0.0,0.45860303409
0.0,0.505507061681
1.0,0.514184973766
1.0,0.51424577606
1.0,0.513175252379
1.0,0.479840808373
1.0,0.478729410001
0.0,0.483599960474
1.0,0.522305962609
0.0,0.507355299546
0.0,0.516208257442
0.0,0.509100999469
1.0,0.535996203342
1.0,0.493656144654
1.0,0.470675886943
0.0,0.520328813079
1.0,0.515632216292
1.0,0.511073847023
0.0,0.52135887545
0.0,0.50441239573
0.0,0.502129377732
1.0,0.511103360749
1.0,0.496491477754
1.0,0.508002870744
1.0,0.49601311552
0.0,0.513814079707
1.0,0.529569163343
1.0,0.526835675739
0.0,0.502676766418
0.0,0.509942378128
1.0,0.488581618959
1.0,0.506248292243
1.0,0.517745574076
0.0,0.556627965315
0.0,0.46437914327
1.0,0.489166212845
1.0,0.465994143577
1.0,0.499345837281
0.0,0.532142214794
1.0,0.510864143056
1.0,0.526490980258
0.0,0.510348007034
1.0,0.508570118514
1.0,0.515313833889
0.0,0.527908676842
1.0,0.528719252403
1.0,0.4970886673
0.0,0.497739631105
1.0,0.520696071684
0.0,0.519257197946
1.0,0.515339273458
0.0,0.522766645297
0.0,0.483998387892
0.0,0.505198215678
1.0,0.512401273517
0.0,0.466039501708
0.0,0.490527505465
0.0,0.509578089348
0.0,0.51617463008
1.0,0.473163457576
1.0,0.394495650324
1.0,0.516884799106
1.0,0.513618922167
1.0,0.464654181817
1.0,0.502587464895
1.0,0.51390932736
0.0,0.518867702486
1.0,0.506945636508
0.0,0.480074229573
0.0,0.466592770159
1.0,0.513019257699
1.0,0.505240505413
1.0,0.509745251452
0.0,0.501496062394
0.0,0.51378014986
1.0,0.525218311759
1.0,0.508729886352
1.0,0.541021556725
0.0,0.478431758147
1.0,0.493495275745
1.0,0.494137877287
1.0,0.477862002942
0.0,0.505497998123
1.0,0.506780436008
1.0,0.540688530255
1.0,0.503848660131
1.0,0.460206898279
1.0,0.507644349298
1.0,0.504953397712
0.0,0.51171873526
0.0,0.508867776488
0.0,0.505052971157
0.0,0.554543883957
1.0,0.512278452532
1.0,0.529322220168
0.0,0.525751952058
1.0,0.503491065951
1.0,0.518812342922
0.0,0.512758529534
1.0,0.504064560859
0.0,0.50143854896
0.0,0.471551460955
1.0,0.448499038229
1.0,0.515448866681
1.0,0.533553116316
1.0,0.501835947026
1.0,0.501067713825
1.0,0.50390907175
1.0,0.497615366547
1.0,0.539736832736
1.0,0.520780092466
1.0,0.509308548221
0.0,0.518288227195
1.0,0.515913367005
0.0,0.478497013815
1.0,0.444909382241
1.0,0.487238198208
0.0,0.5223942964
0.0,0.508493510259
0.0,0.437377032132
0.0,0.521860961169
0.0,0.505205733421
0.0,0.477985329778
1.0,0.50803553769
1.0,0.476769749271
1.0,0.527836400479
1.0,0.493769758445
1.0,0.479162944163
1.0,0.523986386788
1.0,0.509560825773
0.0,0.500401551418
1.0,0.523297345724
1.0,0.507693669955
1.0,0.509820419417
0.0,0.52397960928
0.0,0.468797928477
1.0,0.47141789334
0.0,0.49578063809
1.0,0.516425077606
1.0,0.475400513262
0.0,0.47947620859
0.0,0.514630485473
1.0,0.51609860134
0.0,0.504808580889
0.0,0.51895916932
1.0,0.495615959515
1.0,0.490446995424
0.0,0.506530090695
1.0,0.453611431058
1.0,0.501982475551
1.0,0.524433162061
0.0,0.507630697996
0.0,0.528317177046
1.0,0.480716405203
0.0,0.465903455788
1.0,0.479212421695
0.0,0.497182609068
0.0,0.491546853526
1.0,0.496550190624
1.0,0.512586858363
0.0,0.506681316953
1.0,0.523178339501
1.0,0.531183079982
0.0,0.485388368581
1.0,0.465761922225
0.0,0.487117263477
0.0,0.523883493121
1.0,0.444092483892
0.0,0.507123816675
0.0,0.51256084129
1.0,0.520451900888
0.0,0.54437316382
0.0,0.515022538584
0.0,0.520248723991
1.0,0.520612470324
0.0,0.513791967836
1.0,0.512418250883
0.0,0.525432185241
1.0,0.480151283705
1.0,0.522846930324
1.0,0.530411369588
0.0,0.518043153773
1.0,0.516621172526
1.0,0.505450809868
1.0,0.511727589914
1.0,0.487809710883
1.0,0.537748101674
0.0,0.54053648098
1.0,0.500188185263
0.0,0.521501724673
0.0,0.505021872963
1.0,0.491381749523
0.0,0.47763918359
1.0,0.511086693095
1.0,0.452071323172
0.0,0.502917550574
1.0,0.489852656513
0.0,0.51681866077
1.0,0.518461042751
0.0,0.485265054359
1.0,0.553567905081
0.0,0.519225418096
1.0,0.509978721937
0.0,0.518781093369
1.0,0.50837809174
1.0,0.525665428761
0.0,0.508987637944
0.0,0.492517430974
1.0,0.520773845032
1.0,0.516096445421
0.0,0.492561878659
0.0,0.515817615264
0.0,0.490343434442
0.0,0.514704903672
1.0,0.49234749217
1.0,0.524836660502
1.0,0.497624565423
0.0,0.525551436169
0.0,0.52932481725
0.0,0.503944132831
1.0,0.517160411718
1.0,0.513106385355
1.0,0.52658324135
1.0,0.535197260591
0.0,0.528497047911
1.0,0.478190482961
1.0,0.522219359969
1.0,0.495474117012
0.0,0.499991268475
1.0,0.506471659082
1.0,0.502460349693
0.0,0.492973459866
1.0,0.502240671727
0.0,0.49454199587
1.0,0.522525134198
0.0,0.518525374281
0.0,0.422521075157
0.0,0.512635990832
0.0,0.505955746223
1.0,0.515024446629
1.0,0.515034525432
1.0,0.411729113
1.0,0.487961698618
0.0,0.491575553147
0.0,0.5433813638
0.0,0.478524233565
0.0,0.526516401733
1.0,0.508336435876
0.0,0.523005311836
0.0,0.486797383399
1.0,0.518047165482
1.0,0.503304710969
1.0,0.468223161628
0.0,0.510311776562
0.0,0.526364255396
1.0,0.500325762847
1.0,0.556606792232
0.0,0.501128732715
1.0,0.520920796709
1.0,0.510157082435
0.0,0.50442943063
0.0,0.514152080288
1.0,0.532427799244
1.0,0.501414583546
1.0,0.520076503576
1.0,0.489863108682
1.0,0.52153907721
0.0,0.495399761905
1.0,0.5141303494
0.0,0.506188353648
1.0,0.518469008121
0.0,0.485087638163
0.0,0.51988389902
1.0,0.527957591706
0.0,0.526468264216
0.0,0.504231967771
1.0,0.539565834942
0.0,0.516045657769
0.0,0.542532622912
0.0,0.507029226424
0.0,0.515561845367
0.0,0.51597668787
1.0,0.514386862855
0.0,0.508297912967
1.0,0.503871549029
0.0,0.527384817119
0.0,0.526346974741
1.0,0.498274673479
0.0,0.492096657311
1.0,0.533412306148
1.0,0.509220166827
1.0,0.453599500421
0.0,0.47847417179
1.0,0.50266938683
0.0,0.509134277709
0.0,0.511485199467
1.0,0.51804638822
1.0,0.52093000529
0.0,0.514657597146
0.0,0.480783049079
0.0,0.501037965892
0.0,0.524854447717
1.0,0.505111482627
1.0,0.513416650407
0.0,0.47815348867
1.0,0.46998745314
1.0,0.460669728292
1.0,0.522740928068
0.0,0.519462471984
1.0,0.503679924919
0.0,0.531387176409
0.0,0.5138394224
0.0,0.524035490451
1.0,0.483813898904
0.0,0.50734000865
0.0,0.534800152621
1.0,0.517307437792
0.0,0.521509480344
0.0,0.47384596121
0.0,0.503666013968
1.0,0.495810421745
1.0,0.504266788871
1.0,0.519669914491
0.0,0.532633876551
0.0,0.526310993776
1.0,0.542155777963
0.0,0.483261191528
1.0,0.454351912582
1.0,0.507279464149
1.0,0.504268944365
0.0,0.478424247638
0.0,0.504141308513
0.0,0.512224706773
0.0,0.503786939147
0.0,0.500308971796
1.0,0.530381957782
0.0,0.497315106286
1.0,0.521945288068
1.0,0.522595803978
1.0,0.520122637372
0.0,0.472048505957
1.0,0.523565493963
1.0,0.522887065283
1.0,0.516864155915
0.0,0.475542716657
0.0,0.496214840024
0.0,0.517141523096
0.0,0.504319996754
1.0,0.532591748394
0.0,0.536342117489
1.0,0.472923693988
0.0,0.51920257676
0.0,0.511490596474
0.0,0.488653580993
0.0,0.512428775964
1.0,0.508619637439
1.0,0.529591240758
0.0,0.464985616705
1.0,0.503638778858
0.0,0.515104633308
1.0,0.507069651582
0.0,0.472509786828
0.0,0.532671294597
0.0,0.502523401461
1.0,0.511165916785
1.0,0.511001324591
1.0,0.528853615867
0.0,0.537478256311
0.0,0.503196263129
1.0,0.508383022453
0.0,0.454615750837
0.0,0.506486092389
0.0,0.485328475632
0.0,0.49252575881
0.0,0.511038623518
0.0,0.514252779872
0.0,0.511275039355
1.0,0.5183166706
1.0,0.505873575031
1.0,0.505454617781
0.0,0.512293514873
0.0,0.504784598512
1.0,0.520844530516
0.0,0.511577142558
1.0,0.488632904008
0.0,0.509933274914
1.0,0.502054245242
1.0,0.520562709916
1.0,0.507724479297
0.0,0.498503519313
0.0,0.52150374653
0.0,0.498474742504
1.0,0.51967979628
1.0,0.513307164358
1.0,0.517126833011
1.0,0.50948255553
0.0,0.511890672431
1.0,0.522172104957
1.0,0.492016829947
0.0,0.507528291595
1.0,0.494945355627
1.0,0.515672200947
1.0,0.51440476396
0.0,0.511007308806
0.0,0.532486976615
1.0,0.526857084097
0.0,0.478051119233
1.0,0.502730208338
1.0,0.504879149741
1.0,0.489821680114
0.0,0.4630398764
1.0,0.475281733532
1.0,0.492850390361
0.0,0.511606350902
0.0,0.507767200333
1.0,0.533788781225
1.0,0.509335605985
0.0,0.501552623153
0.0,0.522748566923
0.0,0.524494348498
0.0,0.512357600691
0.0,0.480073026596
0.0,0.472828894538
0.0,0.503952195487
0.0,0.514641418359
0.0,0.457806863403
0.0,0.524081020656
1.0,0.509976723327
0.0,0.503679047736
0.0,0.526445222688
1.0,0.532532539747
0.0,0.508925323722
0.0,0.507678792126
0.0,0.518623008739
1.0,0.508429397815
1.0,0.487703139228
1.0,0.45745662651
1.0,0.490095356827
1.0,0.506733453824
1.0,0.498615102568
0.0,0.513564458441
0.0,0.527996111764
0.0,0.463247855681
0.0,0.515750043637
0.0,0.47968070225
1.0,0.52189986316
1.0,0.506215972648
0.0,0.525587826683
0.0,0.48488617063
1.0,0.506734761902
0.0,0.487800149702
1.0,0.519258683117
0.0,0.508132546712
0.0,0.507443030327
1.0,0.492013599766
0.0,0.505940959704
0.0,0.444073576382
1.0,0.489758034013
1.0,0.526325979111
1.0,0.508955386232
0.0,0.519965355107
1.0,0.519476537427
0.0,0.501802467497
0.0,0.487277670298
0.0,0.515618199513
0.0,0.525170211766
1.0,0.509093575558
1.0,0.525685614876
1.0,0.521966992701
1.0,0.524364481577
1.0,0.451985652359
0.0,0.51604861744
0.0,0.488064097553
0.0,0.526563688601
0.0,0.512380347284
0.0,0.525489985548
0.0,0.503781708762
1.0,0.523009309847
1.0,0.523840714006
1.0,0.515895325082
1.0,0.495239703331
1.0,0.482737453029
1.0,0.484511666625
0.0,0.526573876808
1.0,0.505445714469
1.0,0.517987432641
0.0,0.50733148952
1.0,0.532811369922
1.0,0.440237478002
1.0,0.487256520477
0.0,0.517944427573
0.0,0.51540906875
0.0,0.51966181606
0.0,0.520591044137
1.0,0.511866794313
1.0,0.519559682267
0.0,0.527893835582
0.0,0.517457955098
0.0,0.501219350649
1.0,0.495132327347
0.0,0.530353707428
1.0,0.517854069379
1.0,0.486789267438
1.0,0.505665786336
0.0,0.515073474749
0.0,0.502394245325
0.0,0.51655909907
0.0,0.511983447819
1.0,0.505640531328
0.0,0.517097110031
0.0,0.511663091721
0.0,0.509594696427
1.0,0.500087479407
0.0,0.51496714212
0.0,0.452470932409
1.0,0.530058938298
0.0,0.536113990602
1.0,0.507548624956
0.0,0.499731426132
0.0,0.517445174111
0.0,0.536910658916
0.0,0.496544630087
0.0,0.51571447542
1.0,0.507818709904
0.0,0.493174670904
1.0,0.502293759101
0.0,0.515640290249
0.0,0.452140635435
1.0,0.482067623433
0.0,0.519642539517
1.0,0.506795644308
1.0,0.519436615668
0.0,0.508507472885
1.0,0.514257786474
0.0,0.520641650453
0.0,0.521282704919
1.0,0.499790257291
1.0,0.4938589
1.0,0.50813521209
1.0,0.516297538306
1.0,0.468566191189
1.0,0.511372945634
1.0,0.477643182317
1.0,0.522545940497
1.0,0.544105946195
0.0,0.520059562704
0.0,0.530341201633
1.0,0.514385741445
0.0,0.513558323167
0.0,0.502110868107
0.0,0.500678551434
0.0,0.43762509825
1.0,0.516635184874
0.0,0.436951958424
1.0,0.518372497996
0.0,0.519241688827
1.0,0.488658807708
0.0,0.50657998278
1.0,0.492064189677
1.0,0.496823004446
1.0,0.51941366373
1.0,0.5423150614
0.0,0.520486436088
0.0,0.467008958339
1.0,0.511595542219
1.0,0.50221713295
0.0,0.517953817598
0.0,0.536505807776
0.0,0.446946203283
0.0,0.485234946408
0.0,0.532479268533
1.0,0.529463982617
1.0,0.458152229414
0.0,0.522702071785
1.0,0.460088463285
1.0,0.498125027004
1.0,0.533665246202
1.0,0.521413366175
0.0,0.51117931097
0.0,0.493584475705
0.0,0.484354382347
0.0,0.496986377277
1.0,0.488791346617
0.0,0.517191436522
0.0,0.509234337059
0.0,0.496396097546
1.0,0.491196155776
0.0,0.505680037192
1.0,0.523811264493
0.0,0.507019393546
1.0,0.511665482198
1.0,0.517374845288
0.0,0.452211595191
0.0,0.484668651004
1.0,0.466524316829
0.0,0.494355524587
1.0,0.526881404377
1.0,0.505053656235
0.0,0.504886611436
0.0,0.517685060305
1.0,0.511076111145
0.0,0.491602757288
0.0,0.514267039619
0.0,0.484451184565
0.0,0.466727233339
1.0,0.507299686007
1.0,0.518472283035
0.0,0.529171110153
0.0,0.502104155013
1.0,0.479483348987
0.0,0.467315106299
1.0,0.519427672698
0.0,0.511994934072
1.0,0.502580525107
0.0,0.482981618536
0.0,0.510612352546
1.0,0.430925259358
1.0,0.520283992422
1.0,0.495383042915
1.0,0.451602038534
0.0,0.482466006748
1.0,0.410406760603
0.0,0.515211695172
1.0,0.517294768629
0.0,0.522302853355
0.0,0.480157858995
1.0,0.496645419075
1.0,0.509549465545
0.0,0.539306540391
1.0,0.521261553399
0.0,0.517737536725
0.0,0.481033431823
0.0,0.481572782629
0.0,0.510441878455
0.0,0.485045646492
0.0,0.520512436822
0.0,0.507455800669
1.0,0.505986131646
1.0,0.452178791619
1.0,0.519963702676
1.0,0.515295035013
0.0,0.47164388316
0.0,0.514946991398
1.0,0.502303353695
0.0,0.515677355259
0.0,0.519570493733
1.0,0.482459716332
1.0,0.520665256277
0.0,0.52279654676
0.0,0.523508204404
1.0,0.506819916463
1.0,0.534561129415
0.0,0.511371183422
0.0,0.510267930942
0.0,0.528943620885
1.0,0.487839539334
0.0,0.530918973665
0.0,0.520731045361
0.0,0.493506902085
1.0,0.522979640957
0.0,0.511059430721
0.0,0.522702571106
1.0,0.525807735629
1.0,0.50833523031
1.0,0.518852628542
1.0,0.496954465546
0.0,0.509515450618
0.0,0.511757540385
0.0,0.507417378645
1.0,0.480444279963
1.0,0.517811549249
1.0,0.50777384292
1.0,0.451324247674
0.0,0.446593304227
1.0,0.506488663969
1.0,0.535763141902
0.0,0.517720764664
1.0,0.527350400845
0.0,0.491075511606
1.0,0.492164041361
0.0,0.461774930423
0.0,0.508227103876
1.0,0.514325888178
1.0,0.523977213181
0.0,0.525920125575
0.0,0.522707463793
0.0,0.499735395103
0.0,0.523293630881
0.0,0.486885570419
1.0,0.476548058722
1.0,0.524488059932
1.0,0.511704240798
0.0,0.45621836912
1.0,0.497571917853
0.0,0.446212834727
0.0,0.533990689522
1.0,0.528476892235
1.0,0.507284246769
1.0,0.45904313445
1.0,0.489898643068
0.0,0.489482429521
0.0,0.504367973652
0.0,0.493158341463
0.0,0.498730329051
0.0,0.543418816944
0.0,0.512951025515
1.0,0.529704064402
0.0,0.525502533842
1.0,0.510309041612
0.0,0.514342104868
0.0,0.528579036362
1.0,0.525402991981
0.0,0.507063018968
1.0,0.485579720557
0.0,0.497951258671
1.0,0.519662322319
0.0,0.520222489134
0.0,0.486316796033
0.0,0.502020696804
1.0,0.502265685339
0.0,0.534799040853
1.0,0.516955602995
0.0,0.459880435628
0.0,0.525232001046
0.0,0.515212339539
1.0,0.542548450307
0.0,0.485282465822
1.0,0.512354456365
0.0,0.506749512648
0.0,0.515019723951
0.0,0.502027383411
0.0,0.49177143465
1.0,0.47877694964
1.0,0.462378629198
0.0,0.446225450954
1.0,0.472112781461
0.0,0.509931263526
1.0,0.465929848421
0.0,0.52141471609
0.0,0.518715583278
0.0,0.510032579738
1.0,0.54866826076
0.0,0.522832414309
0.0,0.451312337747
1.0,0.538132164835
1.0,0.495769296187
0.0,0.510434655712
0.0,0.501158840852
1.0,0.512543962799
0.0,0.51385961771
0.0,0.506497739924
0.0,0.475458577934
0.0,0.513223333273
1.0,0.513040478368
0.0,0.514429510333
0.0,0.476799213732
0.0,0.485226230806
1.0,0.501059840569
1.0,0.502771137647
1.0,0.52040188843
0.0,0.502722560805
1.0,0.507471615638
0.0,0.523714761159
0.0,0.461548011628
0.0,0.511958340846
0.0,0.511101347556
1.0,0.519644170944
0.0,0.519736062666
0.0,0.475509918728
1.0,0.523620924081
0.0,0.483396277066
1.0,0.513106617768
1.0,0.488127572211
1.0,0.516990435168
1.0,0.515012229528
1.0,0.512155266677
0.0,0.472471756618
0.0,0.508987532318
0.0,0.536093220784
0.0,0.481514022607
1.0,0.506471796364
1.0,0.516131412062
1.0,0.492336047492
1.0,0.516106484589
1.0,0.489100961186
1.0,0.505237555764
1.0,0.509409823835
1.0,0.483049475124
0.0,0.510407482522
1.0,0.501529105396
0.0,0.512615852936
1.0,0.536688186708
1.0,0.516171475526
0.0,0.508213290692
1.0,0.523625570055
0.0,0.505655983618
0.0,0.525376872037
0.0,0.518866666174
1.0,0.512395603889
0.0,0.496478198591
1.0,0.516998901223
0.0,0.515819980619
1.0,0.509577538842
1.0,0.511066666748
1.0,0.512635092603
0.0,0.50573317489
0.0,0.519717608257
1.0,0.502414585264
0.0,0.500773825082
0.0,0.501700859753
0.0,0.523061047839
0.0,0.504400364709
0.0,0.510303582248
1.0,0.514404176551
1.0,0.512465787359
0.0,0.501321629435
0.0,0.506668389592
1.0,0.5101150107
0.0,0.521740385135
0.0,0.519932635893
0.0,0.469890541411
0.0,0.505104809218
1.0,0.545582459329
1.0,0.488138939369
1.0,0.519932777556
1.0,0.511243145052
1.0,0.515627652783
1.0,0.517567007425
0.0,0.504549358886
1.0,0.510857455591
0.0,0.51600001256
1.0,0.500050327448
1.0,0.520827935156
1.0,0.507845140997
1.0,0.521689723161
0.0,0.501231904517
1.0,0.503188557425
1.0,0.511267155826
0.0,0.505052937818
1.0,0.508580080204
0.0,0.513519149126
0.0,0.521790137552
1.0,0.524944018773
1.0,0.482984540999
0.0,0.522410213377
0.0,0.516335648321
1.0,0.537102574936
0.0,0.516918316575
1.0,0.449675354362
0.0,0.519054609475
0.0,0.498020626317
1.0,0.49395644602
1.0,0.513816464821
1.0,0.522025371391
0.0,0.482975586567
1.0,0.48338182999
1.0,0.492568142484
0.0,0.536008579863
1.0,0.502226139716
0.0,0.511354906377
0.0,0.453624582629
0.0,0.552219402062
1.0,0.52682471894
0.0,0.503330994541
1.0,0.512632283551
0.0,0.525405026249
0.0,0.525007852032
0.0,0.524768799295
1.0,0.529006280512
0.0,0.503836013224
1.0,0.500726709164
1.0,0.474714669688
1.0,0.519883621745
0.0,0.52816701528
0.0,0.517991027503
1.0,0.536266856321
1.0,0.512440993898
0.0,0.52671428162
0.0,0.505249449148
1.0,0.531927548367
1.0,0.508602212057
0.0,0.513498477373
1.0,0.437815644369
0.0,0.515612037414
0.0,0.473354404782
0.0,0.433049417631
1.0,0.497442712572
1.0,0.518221736047
1.0,0.513250419234
1.0,0.486328214098
1.0,0.509187501258
1.0,0.475637499628
0.0,0.480479107301
1.0,0.525506340074
0.0,0.44909108422
1.0,0.53672451822
1.0,0.509398908584
1.0,0.509840727094
1.0,0.484940027055
1.0,0.506171537654
1.0,0.495013009786
0.0,0.479011893652
0.0,0.501797940106
0.0,0.508822659986
1.0,0.508468747187
0.0,0.503129362826
0.0,0.494432572557
1.0,0.502024015597
0.0,0.430743785219
1.0,0.523399756596
0.0,0.509789899636
0.0,0.511566571338
0.0,0.478329362826
0.0,0.534533656859
0.0,0.520414133766
1.0,0.556607109542
1.0,0.493200579158
0.0,0.522084573933
1.0,0.50539501934
0.0,0.470906430969
1.0,0.534964952827
0.0,0.503129422428
1.0,0.442758378238
0.0,0.521149127157
0.0,0.507596335038
0.0,0.526746675481
1.0,0.522124851103
0.0,0.505538424869
0.0,0.487039817002
1.0,0.510663054312
1.0,0.523285319345
0.0,0.490271748402
0.0,0.514434558578
0.0,0.441217059362
1.0,0.505857667332
0.0,0.510052593112
0.0,0.516237194974
1.0,0.521618089788
1.0,0.525876499942
1.0,0.511087901465
1.0,0.517065842639
1.0,0.537231086302
1.0,0.502110160083
1.0,0.500705920363
0.0,0.46449948375
1.0,0.457351085744
1.0,0.50939389833
0.0,0.516824029045
1.0,0.522904029444
1.0,0.48225298208
1.0,0.529131095113
0.0,0.519274591332
1.0,0.515741506499
0.0,0.507053449248
0.0,0.505064014655
1.0,0.506804211697
1.0,0.522424616138
1.0,0.52402936598
1.0,0.51956678785
0.0,0.471291582711
1.0,0.484233344766
1.0,0.457056079461
0.0,0.496475542944
0.0,0.519331783113
0.0,0.522402557523
1.0,0.513964992972
0.0,0.523147810819
0.0,0.521781184254
0.0,0.520380547369
1.0,0.519331081798
0.0,0.526516373649
0.0,0.501297367013
1.0,0.516971079131
1.0,0.504180158476
0.0,0.487448702226
0.0,0.451552913049
0.0,0.50599457251
0.0,0.52329128584
0.0,0.503875926053
0.0,0.528781094307
1.0,0.498968715932
0.0,0.493296706396
1.0,0.471544442528
0.0,0.511496801375
0.0,0.470563814457
0.0,0.512662410746
0.0,0.49323312316
0.0,0.501963781001
1.0,0.533895864925
1.0,0.470791297289
0.0,0.515016112994
0.0,0.508980942248
0.0,0.508687044907
0.0,0.53178410086
0.0,0.527973143189
0.0,0.516363080417
0.0,0.511599822869
1.0,0.5531872377
0.0,0.437130650736
0.0,0.518101972753
1.0,0.505916544
1.0,0.485392607652
1.0,0.510912741627
0.0,0.485923549794
0.0,0.512099812749
1.0,0.516404043125
1.0,0.533585981082
0.0,0.521277675434
1.0,0.507135025266
0.0,0.50922043549
1.0,0.48074361382
1.0,0.54319472552
1.0,0.524311392163
1.0,0.535268556755
0.0,0.519856712493
1.0,0.519987198887
0.0,0.518983469964
1.0,0.500897287266
1.0,0.441474833079
1.0,0.521158856789
1.0,0.522280421226
1.0,0.523509809417
0.0,0.471971007538
1.0,0.420129726531
0.0,0.474144984012
0.0,0.496273359115
1.0,0.517373801181
0.0,0.478397123955
1.0,0.497257222097
0.0,0.493830716472
0.0,0.52470773028
0.0,0.512578013384
0.0,0.510058593239
1.0,0.489033390837
0.0,0.502036616747
0.0,0.532380294433
0.0,0.529799561297
0.0,0.514610421534
0.0,0.518186356896
0.0,0.526984838211
1.0,0.502825982933
1.0,0.535588874592
0.0,0.45187809183
0.0,0.496396673899
1.0,0.510143145938
0.0,0.471862772587
1.0,0.509971650637
1.0,0.548795131784
1.0,0.504867508595
1.0,0.513573787845
1.0,0.510241652307
0.0,0.478936024123
1.0,0.504773895439
0.0,0.478793975691
0.0,0.504097775665
1.0,0.510503839592
0.0,0.519494314077
0.0,0.438957867268
1.0,0.518600525051
0.0,0.50921203873
0.0,0.533115028378
1.0,0.5159138846
1.0,0.520404518911
0.0,0.508356397551
0.0,0.516524178138
0.0,0.504234625323
1.0,0.425700028106
1.0,0.518645710056
0.0,0.487449835315
0.0,0.537608171504
1.0,0.523292763122
1.0,0.525496406312
1.0,0.495597343054
1.0,0.489328821811
1.0,0.49207954913
0.0,0.509735508911
1.0,0.511090794146
0.0,0.535148684195
1.0,0.515343347411
1.0,0.447495990018
1.0,0.519815374847
0.0,0.482800158411
1.0,0.4884251139
0.0,0.493171334048
0.0,0.491485486019
1.0,0.500449312913
1.0,0.510068103973
1.0,0.51684506741
0.0,0.515350187179
0.0,0.434404442155
0.0,0.521998508188
0.0,0.508415282271
1.0,0.51189500776
1.0,0.517194636329
1.0,0.513820455944
0.0,0.537769334956
1.0,0.514885280837
1.0,0.477505649459
0.0,0.526566437469
1.0,0.528141068601
0.0,0.482586315041
1.0,0.506706403675
1.0,0.519907053197
1.0,0.538583056938
1.0,0.523206656468
1.0,0.510264085687
1.0,0.501837213887
0.0,0.501811365781
1.0,0.516869845789
0.0,0.511359971719
1.0,0.495353510355
1.0,0.513561883463
1.0,0.516041634715
0.0,0.452766120403
1.0,0.520848931708
0.0,0.506401126454
1.0,0.46018349935
1.0,0.529639156613
0.0,0.504226754763
0.0,0.513141210237
1.0,0.520863757241
1.0,0.544358395151
0.0,0.503189360963
1.0,0.519930460109
1.0,0.513124317556
0.0,0.48829123946
0.0,0.466801049464
1.0,0.507221791704
0.0,0.518991798008
0.0,0.516507910514
1.0,0.506148005501
1.0,0.499591241794
0.0,0.511286963951
0.0,0.519195544782
0.0,0.521642674035
0.0,0.507108456516
0.0,0.494209962724
0.0,0.477977615539
1.0,0.531309512537
1.0,0.510384769766
1.0,0.447650241263
1.0,0.511871532921
0.0,0.508916632174
1.0,0.459004401089
0.0,0.517433477932
0.0,0.511087137582
1.0,0.52273766292
1.0,0.487793809561
0.0,0.505517167937
1.0,0.522437827591
0.0,0.503980179705
1.0,0.517081805488
0.0,0.520625308748
1.0,0.517338479118
1.0,0.501756272815
1.0,0.515200220527
0.0,0.511109722719
1.0,0.514158224886
0.0,0.507500645163
1.0,0.514981796297
1.0,0.481428380809
0.0,0.485309595586
1.0,0.439146200356
0.0,0.503661994474
0.0,0.500566286062
0.0,0.492880901207
0.0,0.4659620209
1.0,0.527611949708
0.0,0.506362086321
1.0,0.534447753692
0.0,0.518058069782
0.0,0.493182417564
0.0,0.482422845856
1.0,0.398978554883
1.0,0.475798090224
1.0,0.521255598499
1.0,0.516072622832
0.0,0.508122392503
1.0,0.504367735875
0.0,0.506583901112
1.0,0.533802293051
1.0,0.493656235589
1.0,0.517915212967
0.0,0.531951373973
1.0,0.507620207921
0.0,0.521892206115
1.0,0.509087856033
1.0,0.508431813444
0.0,0.535316968155
0.0,0.496146167527
0.0,0.529122395076
1.0,0.51110544179
1.0,0.522206950223
1.0,0.513414514983
0.0,0.52701315721
0.0,0.507125958252
0.0,0.522415392614
0.0,0.552882350228
0.0,0.520953426966
0.0,0.497448190932
0.0,0.513487846982
1.0,0.514116159811
0.0,0.519968152599
1.0,0.507830322118
1.0,0.500365540687
0.0,0.491145032871
1.0,0.4986166677
0.0,0.511428868734
0.0,0.462644278415
0.0,0.519891663662
1.0,0.52874470342
0.0,0.526926857758
0.0,0.504827206926
1.0,0.497473267775
1.0,0.52119037618
0.0,0.511086263366
0.0,0.486525152681
1.0,0.515298837444
0.0,0.482582348184
1.0,0.509287494446
0.0,0.535773141704
1.0,0.51711301386
1.0,0.511433772246
1.0,0.499343221559
0.0,0.529032125649
0.0,0.521778712625
1.0,0.518842578406
0.0,0.509361389788
1.0,0.503741098166
1.0,0.531633259157
1.0,0.508049664566
0.0,0.534328427441
1.0,0.479887754528
0.0,0.49878719868
1.0,0.515766361427
0.0,0.51519536936
0.0,0.520245575188
0.0,0.494084696907
0.0,0.48818123328
0.0,0.503650862036
1.0,0.527141314106
0.0,0.515620184336
1.0,0.508286956668
0.0,0.507747409768
1.0,0.508820137057
0.0,0.4388576376
1.0,0.526759097169
1.0,0.518045322919
1.0,0.506860561792
0.0,0.500477886989
0.0,0.529768177915
0.0,0.500983491156
1.0,0.532194020527
1.0,0.489614241455
1.0,0.518920017624
0.0,0.418683527032
1.0,0.446260196076
0.0,0.517784091481
0.0,0.513619195558
1.0,0.524083484565
1.0,0.508911445999
0.0,0.505913686968
1.0,0.504095206316
1.0,0.493555252269
0.0,0.505176725187
0.0,0.50801166541
1.0,0.422708941089
0.0,0.454502439956
0.0,0.529498368196
1.0,0.518570544574
0.0,0.480974260558
1.0,0.472415552219
0.0,0.509905919572
0.0,0.518253060626
1.0,0.513052845186
1.0,0.51511392787
0.0,0.517707732331
0.0,0.522931425631
1.0,0.51056789002
0.0,0.517954737512
0.0,0.474970418431
1.0,0.518278410812
1.0,0.509987901585
0.0,0.520949445672
0.0,0.500829863363
1.0,0.479536288712
1.0,0.515831931893
0.0,0.471433123375
0.0,0.503731277523
1.0,0.455643216789
1.0,0.498447678377
1.0,0.524036493272
0.0,0.500797457212
1.0,0.489853859962
1.0,0.560737300728
1.0,0.521153005798
1.0,0.520227454624
1.0,0.516710706571
1.0,0.503346693095
0.0,0.483037134465
0.0,0.499071164037
1.0,0.521995065307
1.0,0.522633747831
1.0,0.504341035168
0.0,0.513355338271
0.0,0.474416372916
0.0,0.527831244732
0.0,0.503126125985
0.0,0.518069816956
0.0,0.498965467602
1.0,0.486951354355
0.0,0.512321578015
1.0,0.511792746443
0.0,0.487257548027
1.0,0.474140634875
1.0,0.499844121119
0.0,0.523159252106
1.0,0.53073424449
1.0,0.51193171434
1.0,0.546633346184
0.0,0.495195684056
0.0,0.493180126229
1.0,0.513929102925
1.0,0.511815766538
0.0,0.494076147829
1.0,0.512496936046
0.0,0.491030000514
0.0,0.513079701189
1.0,0.473975498013
1.0,0.516210371566
1.0,0.504787934436
1.0,0.489012299787
0.0,0.509515140641
0.0,0.514468526659
1.0,0.499262807727
0.0,0.508093959554
1.0,0.540545249778
0.0,0.50383028209
0.0,0.513889593457
1.0,0.514296700021
1.0,0.521728464731
0.0,0.533020164048
1.0,0.490082073683
0.0,0.538437511113
1.0,0.468833974351
0.0,0.501900102792
1.0,0.511733751138
0.0,0.502036609054
0.0,0.522858672512
0.0,0.505869529695
0.0,0.503494288804
1.0,0.472563655493
1.0,0.458096174969
0.0,0.540993122529
0.0,0.495653690259
0.0,0.509036915135
0.0,0.493954850881
0.0,0.47998446868
0.0,0.483074641005
1.0,0.538196167293
0.0,0.535294091416
0.0,0.484275575338
0.0,0.507544262685
1.0,0.488993298111
0.0,0.427052511939
1.0,0.495743320138
1.0,0.504892354715
1.0,0.534983911816
0.0,0.492377793356
1.0,0.516165703364
1.0,0.48850561197
0.0,0.500034001017
1.0,0.465193740125
1.0,0.488714898918
1.0,0.528615903361
0.0,0.513956093445
1.0,0.509184393808
1.0,0.51087649763
1.0,0.518712396308
1.0,0.513912823182
0.0,0.490910466953
1.0,0.506368283943
0.0,0.519102663902
0.0,0.5196433503
0.0,0.505957600911
1.0,0.49043400703
0.0,0.498511869706
0.0,0.509303584983
1.0,0.511178565064
0.0,0.48383233511
0.0,0.506073723037
1.0,0.514639921144
0.0,0.497146420283
0.0,0.464096366909
1.0,0.527324584027
1.0,0.50306926524
0.0,0.490746316002
1.0,0.490515398798
0.0,0.498613446963
1.0,0.514364945469
0.0,0.49019624204
0.0,0.51248321822
0.0,0.50143909293
1.0,0.50460060806
1.0,0.50456464476
0.0,0.481850531486
1.0,0.481199599479
0.0,0.535952343822
1.0,0.504511471839
1.0,0.510901077304
0.0,0.515925101492
1.0,0.483644542808
0.0,0.511261601358
1.0,0.496263432263
0.0,0.519585129619
1.0,0.523689888008
1.0,0.503777953214
1.0,0.506677843488
1.0,0.506421003323
1.0,0.468190684557
0.0,0.512660526046
0.0,0.515499086759
0.0,0.517532228558
0.0,0.521895442692
0.0,0.521857296209
1.0,0.527945293292
1.0,0.511648803828
1.0,0.459858222055
1.0,0.527718926035
1.0,0.493685299209
1.0,0.52918745738
1.0,0.517776224993
0.0,0.508952775151
0.0,0.53117170718
0.0,0.515191016441
1.0,0.52694849043
0.0,0.476963753886
1.0,0.455538063059
0.0,0.522555038666
1.0,0.50264595685
1.0,0.505785947844
1.0,0.521795356851
0.0,0.480802074852
0.0,0.479813595021
1.0,0.524231531425
1.0,0.519952267741
1.0,0.527306636155
1.0,0.513659941852
0.0,0.485214160538
1.0,0.459529339406
0.0,0.518291188783
1.0,0.503895588389
0.0,0.48022752338
1.0,0.508665846394
1.0,0.524569645487
1.0,0.510309498705
0.0,0.519184282122
1.0,0.523061104962
1.0,0.496455187273
1.0,0.50068034367
0.0,0.512791876206
1.0,0.537615168112
1.0,0.473630176641
0.0,0.481311656364
1.0,0.495349490221
1.0,0.511270351615
0.0,0.496290277996
1.0,0.526747496955
1.0,0.507557720611
1.0,0.519932372467
0.0,0.514564729229
1.0,0.517824105787
0.0,0.499991473961
1.0,0.499464911622
1.0,0.522072551748
1.0,0.484912142935
0.0,0.511050076894
1.0,0.407176624313
1.0,0.526002421705
1.0,0.457728457353
0.0,0.471659914567
0.0,0.517274976005
0.0,0.525896304235
1.0,0.502595439712
0.0,0.515577314401
1.0,0.519844571488
1.0,0.526175577694
1.0,0.485188235129
1.0,0.503537684907
0.0,0.517758045274
1.0,0.496626312818
1.0,0.524172910961
1.0,0.490001486616
1.0,0.511516070036
1.0,0.510022275251
0.0,0.531509493304
1.0,0.507591176836
1.0,0.510590972904
0.0,0.527997790057
0.0,0.503948111299
1.0,0.489315207387
1.0,0.521027554899
1.0,0.503968245207
0.0,0.481834184381
1.0,0.52582320171
0.0,0.480401838849
0.0,0.470471896465
1.0,0.508225225168
1.0,0.491408022565
0.0,0.470870358227
1.0,0.473681587245
0.0,0.517962640997
1.0,0.515742329235
0.0,0.511760319864
0.0,0.476837716587
0.0,0.513138988308
0.0,0.506912029224
0.0,0.513982089749
1.0,0.503195511879
1.0,0.531038321018
1.0,0.488695701437
0.0,0.477592359935
0.0,0.503489060783
1.0,0.469156442761
1.0,0.522031104146
0.0,0.519572756734
0.0,0.505393784423
0.0,0.506801171199
1.0,0.526307876534
0.0,0.477130770706
0.0,0.456643501133
0.0,0.469287173836
0.0,0.51158107703
1.0,0.525772823284
1.0,0.522081735821
1.0,0.514820518509
0.0,0.522817727307
0.0,0.491864647407
0.0,0.526656890653
1.0,0.483251534751
1.0,0.51783996909
0.0,0.514701273534
1.0,0.504062082027
0.0,0.514536792815
1.0,0.498922263753
1.0,0.507318421108
1.0,0.515918400235
1.0,0.52224727284
0.0,0.509638926999
0.0,0.528090748982
1.0,0.509412818184
0.0,0.521297916273
0.0,0.509320013596
0.0,0.50164508649
1.0,0.502553288923
1.0,0.489988978868
0.0,0.489298972048
0.0,0.505297676238
1.0,0.518737659954
0.0,0.50374009718
0.0,0.516058726895
1.0,0.509954195469
1.0,0.501233682623
0.0,0.488873325793
0.0,0.486568717497
1.0,0.458477598052
0.0,0.521379548272
0.0,0.519450716282
1.0,0.456330221487
1.0,0.528642254854
1.0,0.480970257816
0.0,0.468505032151
1.0,0.528579163715
0.0,0.533306082785
1.0,0.449924822135
1.0,0.527523096029
0.0,0.524716919182
0.0,0.500530532784
1.0,0.524497853169
1.0,0.510176247386
1.0,0.509486701243
0.0,0.456361578714
1.0,0.485541474193
0.0,0.475178538456
0.0,0.502224969754
1.0,0.508438456635
0.0,0.534092390845
0.0,0.504562029193
0.0,0.49399361908
1.0,0.548881174854
0.0,0.506764305307
1.0,0.508205306264
1.0,0.509698502625
0.0,0.518796363276
0.0,0.514449824018
0.0,0.468468978972
0.0,0.509810189318
1.0,0.462285931049
0.0,0.522022860269
1.0,0.524413120599
0.0,0.463361192188
1.0,0.50981401986
0.0,0.511157004762
0.0,0.489541922414
0.0,0.495211450307
1.0,0.500455855135
0.0,0.477547424953
0.0,0.524397864829
0.0,0.517939513472
0.0,0.511444932914
0.0,0.489699574501
1.0,0.514115293277
0.0,0.500232232758
1.0,0.520960336029
0.0,0.513565461125
1.0,0.50410979532
1.0,0.47946024923
1.0,0.510668760961
1.0,0.524914655203
0.0,0.522052402552
1.0,0.492130640208
0.0,0.454054447778
0.0,0.482134543525
1.0,0.540353591689
0.0,0.448187381975
1.0,0.522189010444
1.0,0.516020417605
1.0,0.507373222433
1.0,0.502027116858
1.0,0.515134959691
1.0,0.469407923586
1.0,0.50465085761
0.0,0.499732849916
1.0,0.508400386159
1.0,0.483506900592
0.0,0.448887445602
1.0,0.507904655265
0.0,0.43299420505
0.0,0.510190259145
1.0,0.501767944436
0.0,0.50269461912
0.0,0.518772484016
1.0,0.519088914849
0.0,0.503572865613
1.0,0.450324887244
1.0,0.485136665875
1.0,0.508687306476
1.0,0.479546072617
0.0,0.502994728285
1.0,0.508613248752
1.0,0.483143004166
0.0,0.482316195546
1.0,0.5200172342
0.0,0.534607347732
1.0,0.511168274351
0.0,0.508986445545
1.0,0.522430703847
1.0,0.52032771687
1.0,0.504901318608
1.0,0.520402648688
1.0,0.520456042295
1.0,0.478128712281
1.0,0.513808201523
1.0,0.508081310173
0.0,0.480367085397
0.0,0.494063951805
1.0,0.526119765759
1.0,0.508914378908
0.0,0.523586364346
0.0,0.518396814783
0.0,0.513575113002
0.0,0.518517386351
0.0,0.488557364225
1.0,0.500193077117
0.0,0.504175428501
1.0,0.506086297299
1.0,0.507560610754
0.0,0.511893469079
0.0,0.528448568424
0.0,0.491131392092
0.0,0.506792440243
0.0,0.523557031907
0.0,0.513685780844
0.0,0.516300707788
1.0,0.460980994677
0.0,0.494782732868
1.0,0.51029286828
1.0,0.500455092706
0.0,0.500403534474
1.0,0.504877798909
1.0,0.484232450986
1.0,0.535424292916
0.0,0.51529849343
0.0,0.503383077473
1.0,0.516043605577
1.0,0.490558411531
1.0,0.525828489763
0.0,0.434570765253
1.0,0.513038266957
0.0,0.456102648409
0.0,0.512368260472
0.0,0.518635972318
0.0,0.51423624248
0.0,0.472296442846
1.0,0.517434254325
1.0,0.516580042613
1.0,0.509607109943
1.0,0.493530103549
0.0,0.459148012401
0.0,0.455106979744
0.0,0.512585183199
0.0,0.504106486595
0.0,0.520427331853
1.0,0.505163611703
1.0,0.519929229831
0.0,0.494431046329
0.0,0.522845506421
0.0,0.462483192594
1.0,0.504044775827
0.0,0.493587630975
0.0,0.518246640352
1.0,0.522386905667
1.0,0.505802005425
1.0,0.521668749343
1.0,0.530527760586
0.0,0.540605603659
0.0,0.47149028814
0.0,0.502418303924
1.0,0.490421503104
0.0,0.511989995887
0.0,0.514745489101
0.0,0.462481583692
1.0,0.462177792699
0.0,0.515081699479
1.0,0.535989875899
0.0,0.540536490923
1.0,0.497200227351
0.0,0.509889454808
1.0,0.504090085331
1.0,0.494390979322
1.0,0.515776966384
1.0,0.519073674313
1.0,0.517115372113
0.0,0.475566178003
0.0,0.517186685638
1.0,0.502061275911
0.0,0.503188962269
1.0,0.488612591823
1.0,0.502243882091
1.0,0.46843445617
1.0,0.464086008042
0.0,0.508135975856
1.0,0.506072343515
0.0,0.47457319053
0.0,0.517574850222
1.0,0.480951662686
1.0,0.501829007088
0.0,0.496322257994
1.0,0.473715160252
1.0,0.50296999033
0.0,0.54928578692
0.0,0.491142161402
1.0,0.530413296322
0.0,0.512780532211
1.0,0.501496180739
0.0,0.484651324302
1.0,0.521348594783
0.0,0.496790150044
1.0,0.509815240469
1.0,0.520115500514
0.0,0.507758456318
1.0,0.522596749483
0.0,0.524521654109
0.0,0.469601104979
0.0,0.469447952327
1.0,0.50893120592
1.0,0.515759818361
1.0,0.475672233613
0.0,0.520682820908
1.0,0.520438314152
0.0,0.495669891568
1.0,0.50586938035
1.0,0.518529977514
1.0,0.517535057868
1.0,0.528689411605
0.0,0.486578985023
0.0,0.519536699057
1.0,0.463247839564
0.0,0.526538799053
0.0,0.525074303067
0.0,0.463890755711
0.0,0.523519049763
0.0,0.523983594243
1.0,0.505019063332
0.0,0.463291421846
1.0,0.518499023515
1.0,0.490249689412
1.0,0.48926547606
1.0,0.480645367667
0.0,0.537246409835
0.0,0.500828319916
0.0,0.522846947871
0.0,0.511735416425
0.0,0.475019972105
0.0,0.515434817785
1.0,0.512307262065
0.0,0.529297834144
0.0,0.498852936108
1.0,0.473076345197
0.0,0.492199779531
0.0,0.523091725732
0.0,0.508943645536
1.0,0.504733228285
1.0,0.48833857065
1.0,0.510678685352
1.0,0.501685351576
0.0,0.456823741261
0.0,0.501672916172
1.0,0.510779202309
1.0,0.505245207206
0.0,0.502304365993
0.0,0.525642064411
0.0,0.503932606951
1.0,0.48253698312
0.0,0.418297892725
0.0,0.521519250627
1.0,0.485554279243
0.0,0.534187998298
0.0,0.52566321657
0.0,0.537468729518
0.0,0.514566553693
0.0,0.49565935517
1.0,0.482923174927
0.0,0.500098243533
1.0,0.525397692957
0.0,0.495233558102
0.0,0.521686806511
1.0,0.494970028377
1.0,0.441624852119
1.0,0.512227240473
1.0,0.521680604928
1.0,0.49762719019
0.0,0.513595429895
0.0,0.516461474517
0.0,0.520668153466
0.0,0.501787473393
0.0,0.489957189338
1.0,0.526686621482
0.0,0.514761707593
1.0,0.512978221514
1.0,0.483270857029
1.0,0.5187770349
1.0,0.466959031444
1.0,0.496181465844
1.0,0.476224339972
0.0,0.519572462013
0.0,0.492640906103
1.0,0.493328986967
0.0,0.486877545411
0.0,0.489961939156
0.0,0.497061269446
1.0,0.496803720691
0.0,0.515760881971
0.0,0.508848010623
1.0,0.504079883991
0.0,0.511481618826
0.0,0.508373859775
1.0,0.514515990942
1.0,0.516832713864
1.0,0.47466623307
1.0,0.522738210855
1.0,0.480799866533
1.0,0.485294379926
1.0,0.486279249713
0.0,0.44895690715
1.0,0.493036922235
1.0,0.520616629694
1.0,0.519409368793
0.0,0.509399893561
1.0,0.507975644738
0.0,0.482180384478
1.0,0.481457185397
0.0,0.508752861318
1.0,0.516547879178
1.0,0.504643872465
1.0,0.505680227815
1.0,0.477852889996
1.0,0.508621853867
0.0,0.505209200794
0.0,0.516570829328
0.0,0.511947738382
1.0,0.528629149024
0.0,0.537456991445
1.0,0.530349507808
0.0,0.491638279612
0.0,0.463389231121
0.0,0.507026665272
1.0,0.532118702406
1.0,0.515926117512
1.0,0.524746167309
0.0,0.50406355513
0.0,0.489123978904
0.0,0.475033738137
1.0,0.48043856565
0.0,0.508590427632
1.0,0.526366764813
0.0,0.526875837697
0.0,0.467076873475
0.0,0.503720811238
0.0,0.507442284984
1.0,0.508055702701
1.0,0.484025641301
0.0,0.484952204041
0.0,0.513165274311
1.0,0.505953501512
1.0,0.523643921004
1.0,0.536185734689
0.0,0.524350239821
0.0,0.524571082549
0.0,0.527404190403
1.0,0.455841219093
0.0,0.519695951251
1.0,0.512058588219
0.0,0.502732047066
0.0,0.504416646531
1.0,0.510147331326
1.0,0.4715350361
1.0,0.544016983893
0.0,0.422807249798
1.0,0.483129436609
0.0,0.496526264818
1.0,0.507241724421
1.0,0.517441043495
0.0,0.48800636167
0.0,0.43593929813
1.0,0.506963056422
1.0,0.519754503157
0.0,0.49276850936
1.0,0.518697064519
1.0,0.515877160553
1.0,0.506848797491
0.0,0.483944579206
1.0,0.499086107256
0.0,0.514715878816
0.0,0.490388026934
0.0,0.523206332671
1.0,0.509557640955
0.0,0.468864962778
0.0,0.480727618781
1.0,0.52005837075
1.0,0.524353453679
1.0,0.521861180719
1.0,0.536059684725
0.0,0.520602791999
1.0,0.455648616516
0.0,0.503678798311
1.0,0.501608126355
1.0,0.523123566963
0.0,0.516767954046
1.0,0.501321860449
1.0,0.454927309713
1.0,0.503696576854
0.0,0.484206693164
0.0,0.50715949257
1.0,0.50333789448
0.0,0.4780332746
1.0,0.48806100176
0.0,0.523131296235
0.0,0.457821474083
1.0,0.447199625946
1.0,0.510883397529
1.0,0.5084947386
0.0,0.451056913859
1.0,0.519955740747
0.0,0.41373496283
0.0,0.512160037843
1.0,0.513898647096
1.0,0.504004419859
0.0,0.511752159469
1.0,0.454945038774
1.0,0.519440731308
1.0,0.499911243621
1.0,0.503178930058
1.0,0.486814836493
0.0,0.522910291295
1.0,0.516770332034
1.0,0.518050561279
0.0,0.503704997058
0.0,0.480924616032
0.0,0.422171163761
0.0,0.51113383814
0.0,0.546675406473
0.0,0.482472173417
0.0,0.498417126751
0.0,0.511520038192
1.0,0.485172366007
0.0,0.482831761146
1.0,0.547565817226
0.0,0.52906056163
1.0,0.480187468831
1.0,0.504835998542
1.0,0.510015522978
1.0,0.445468780548
0.0,0.514188255844
0.0,0.49320719228
1.0,0.519280683848
1.0,0.529521489635
1.0,0.511160642551
1.0,0.513714920371
0.0,0.508631483302
0.0,0.525542657853
0.0,0.500728237759
0.0,0.456818991536
0.0,0.487999395149
0.0,0.496946617713
0.0,0.492033851557
0.0,0.522734133202
0.0,0.501818138864
1.0,0.520405123712
0.0,0.501049567363
0.0,0.525978020525
1.0,0.5192698057
0.0,0.531979640686
0.0,0.524835038726
0.0,0.432817311071
0.0,0.509229742981
0.0,0.525012162545
1.0,0.513490083895
1.0,0.491189623708
0.0,0.498408997499
0.0,0.511715006949
1.0,0.523056888989
1.0,0.513308694297
0.0,0.520099253372
0.0,0.50484627411
0.0,0.541698118559
0.0,0.501780005379
1.0,0.456382131047
0.0,0.516787325917
0.0,0.528552017694
0.0,0.506760157027
0.0,0.464676471209
0.0,0.518684563997
1.0,0.465328007135
1.0,0.498760893025
1.0,0.521263230672
1.0,0.50745092367
1.0,0.481349619658
0.0,0.504267508793
0.0,0.523068332604
1.0,0.493810808321
1.0,0.512355199668
1.0,0.474598670716
1.0,0.508549319455
1.0,0.514240059306
0.0,0.518537773969
0.0,0.52503085093
0.0,0.517566236192
1.0,0.515130785449
0.0,0.523065296263
1.0,0.440982417248
1.0,0.503611229159
1.0,0.508139119799
0.0,0.521428578771
1.0,0.497051896443
1.0,0.514421801276
1.0,0.482409552191
1.0,0.539928360632
1.0,0.509281260497
1.0,0.512555336683
1.0,0.503777460365
0.0,0.512143597054
1.0,0.499429679936
1.0,0.512183236204
0.0,0.49993936548
1.0,0.531010536155
1.0,0.496110367797
1.0,0.530821980211
1.0,0.490237538795
1.0,0.507505601099
1.0,0.521547970181
0.0,0.497138898473
0.0,0.488939176605
1.0,0.504102484173
0.0,0.504155880201
1.0,0.450292567258
1.0,0.511953768004
1.0,0.473471142532
1.0,0.531870099236
1.0,0.542767897842
0.0,0.515865248615
1.0,0.509064310329
1.0,0.503100381035
1.0,0.498949797493
1.0,0.494133271245
1.0,0.485085614522
0.0,0.532723950612
1.0,0.520415398123
1.0,0.514795566699
0.0,0.525657344864
0.0,0.527455895815
0.0,0.458338502036
0.0,0.499606418691
0.0,0.521632677306
0.0,0.514819882554
1.0,0.478585639072
0.0,0.519439702424
0.0,0.5316950738
0.0,0.480305644312
1.0,0.541902082613
1.0,0.541549922947
0.0,0.476279846781
0.0,0.509695155602
0.0,0.478156649305
1.0,0.519949814718
0.0,0.527228049316
1.0,0.523980384673
0.0,0.504798107351
0.0,0.460206260338
0.0,0.52472196185
1.0,0.518989801009
0.0,0.51901051086
1.0,0.533348384072
0.0,0.518723868868
0.0,0.527456189699
1.0,0.523545000028
0.0,0.519384276833
1.0,0.527158755907
1.0,0.508742450713
0.0,0.501958498878
0.0,0.516310150053
1.0,0.51232649973
1.0,0.520701318996
1.0,0.513739294589
0.0,0.514384133847
0.0,0.486606433415
1.0,0.471140451995
0.0,0.521355495403
1.0,0.496386344597
1.0,0.512172287789
1.0,0.492212611265
0.0,0.46983730503
1.0,0.510982724558
1.0,0.520110067925
1.0,0.442376627701
1.0,0.548788273572
0.0,0.522175279615
0.0,0.53473370184
0.0,0.513550896949
0.0,0.522484317773
0.0,0.463348454142
1.0,0.450660552542
0.0,0.520368863055
1.0,0.513766073491
0.0,0.490623030186
0.0,0.536860392623
0.0,0.503678566074
1.0,0.517263634614
0.0,0.497770372706
1.0,0.530272680095
1.0,0.511886157481
1.0,0.506832558008
1.0,0.473077877923
0.0,0.488269728761
0.0,0.516387595755
0.0,0.523921866363
0.0,0.471594538465
1.0,0.508462069155
1.0,0.541012716272
1.0,0.506613350193
1.0,0.519969377987
0.0,0.497887023692
0.0,0.493480501465
0.0,0.516614182711
1.0,0.503708134182
0.0,0.490521722036
0.0,0.512058112124
1.0,0.483738910411
0.0,0.476353882706
0.0,0.495199756313
1.0,0.511956527806
1.0,0.491521057549
0.0,0.528771727643
1.0,0.523245567797
0.0,0.520109077735
1.0,0.524617845748
1.0,0.525446485021
0.0,0.491673878077
0.0,0.507774666701
1.0,0.507710838464
1.0,0.49929075637
0.0,0.513916296074
0.0,0.504304565794
1.0,0.528138019239
0.0,0.522309722864
1.0,0.511150140262
0.0,0.465173590953
0.0,0.494943449891
1.0,0.527524909105
0.0,0.539064788235
0.0,0.502348375726
1.0,0.432429011819
1.0,0.523034626916
1.0,0.50894752293
1.0,0.496889271982
1.0,0.5188014469
1.0,0.438522998951
0.0,0.517495977263
1.0,0.487537624568
0.0,0.529552514288
1.0,0.466119852098
1.0,0.480439715971
1.0,0.530772717602
1.0,0.505740483707
1.0,0.510381660061
0.0,0.529614184166
1.0,0.481260463668
0.0,0.474676051135
1.0,0.507194356253
0.0,0.485741313581
1.0,0.519315241152
0.0,0.480660493442
1.0,0.521034563303
0.0,0.464665741064
1.0,0.542799561815
1.0,0.519809492295
0.0,0.454392957892
1.0,0.51308857572
0.0,0.504163376724
0.0,0.495385283049
1.0,0.477510963174
0.0,0.493105796158
1.0,0.51246486842
0.0,0.511831781008
1.0,0.518147540024
1.0,0.495832476587
0.0,0.52469422615
1.0,0.52326447649
1.0,0.526101558196
0.0,0.507603013231
0.0,0.523150013416
1.0,0.530852535044
0.0,0.516562628268
1.0,0.515818431852
1.0,0.513982490509
1.0,0.528925798374
1.0,0.518294333122
0.0,0.516882893139
1.0,0.501632212542
1.0,0.507273138092
0.0,0.48484928626
1.0,0.524666069355
0.0,0.516716548139
1.0,0.468563905851
0.0,0.470011911823
1.0,0.453856950275
0.0,0.508164604667
0.0,0.502967235106
1.0,0.525475518666
1.0,0.497961364165
0.0,0.503687433663
0.0,0.515682653544
1.0,0.521029477528
1.0,0.474290684745
1.0,0.516512011741
1.0,0.52044900638
0.0,0.526475726775
0.0,0.521529921203
0.0,0.512952788924
1.0,0.497618436844
1.0,0.505324486006
0.0,0.51041301787
1.0,0.529391074954
0.0,0.514177060572
1.0,0.531030909998
0.0,0.533889297242
0.0,0.511109005992
1.0,0.516825597186
1.0,0.504800355947
0.0,0.52454230093
1.0,0.518241174292
0.0,0.496137825635
0.0,0.486151979829
1.0,0.533808355281
0.0,0.519500610464
0.0,0.522990439855
1.0,0.492640380004
0.0,0.478850629455
1.0,0.523725798392
1.0,0.529075106952
1.0,0.519768634703
1.0,0.512652842991
1.0,0.506464148509
1.0,0.466849843639
1.0,0.484681442321
0.0,0.525762129391
0.0,0.511851204666
0.0,0.504170958711
0.0,0.550159822176
1.0,0.504225035665
1.0,0.503174914999
1.0,0.520499734761
0.0,0.483094648363
1.0,0.509274828022
1.0,0.511188964854
0.0,0.507641357014
0.0,0.524427250255
0.0,0.523196072604
0.0,0.509336852833
1.0,0.50888521403
1.0,0.509570827478
1.0,0.48626476052
1.0,0.508552067001
1.0,0.509365624026
0.0,0.51734604431
0.0,0.496172858878
1.0,0.518040076311
1.0,0.50271727053
0.0,0.508910060933
0.0,0.432737018623
1.0,0.512451269702
0.0,0.536135121374
1.0,0.458187057907
1.0,0.489794139624
1.0,0.507714605273
0.0,0.518970950793
0.0,0.487332375425
1.0,0.525192156926
1.0,0.524052514644
1.0,0.495859385136
0.0,0.496274440359
1.0,0.520859117153
0.0,0.506066490904
0.0,0.499808088191
1.0,0.515344997436
1.0,0.518158608507
1.0,0.498229356905
1.0,0.505151700367
0.0,0.501596587514
1.0,0.532073182401
1.0,0.504358937498
0.0,0.492027431021
0.0,0.508434019202
0.0,0.505512470184
0.0,0.468591437771
0.0,0.486497623297
1.0,0.513281780671
1.0,0.522645975806
1.0,0.513717940596
1.0,0.487863593351
0.0,0.512130292909
1.0,0.481518962837
0.0,0.524131852679
0.0,0.474759084287
0.0,0.538723208937
1.0,0.522610595504
0.0,0.493384782091
1.0,0.541521695857
1.0,0.450183279039
1.0,0.484557011114
1.0,0.504383666547
0.0,0.508628689153
1.0,0.466785283702
0.0,0.482345407949
1.0,0.502407147958
0.0,0.528806016398
0.0,0.43625996016
1.0,0.506013305368
1.0,0.514937312796
1.0,0.507167186537
0.0,0.507294143364
0.0,0.49104555783
0.0,0.489169834767
1.0,0.527117249979
0.0,0.510219825023
1.0,0.498598751093
0.0,0.444975068507
0.0,0.509163047415
0.0,0.520443784453
1.0,0.490825024632
1.0,0.532031519642
0.0,0.503202673958
0.0,0.518209058647
0.0,0.511336541242
0.0,0.492353816469
0.0,0.508311886352
1.0,0.504063271101
1.0,0.519160733084
1.0,0.519874134204
0.0,0.509735578151
0.0,0.497282676637
1.0,0.524892122283
0.0,0.494369279047
1.0,0.520244021044
0.0,0.538783181966
0.0,0.512627044913
0.0,0.500844948799
1.0,0.492177168802
1.0,0.513182947117
0.0,0.514632330761
0.0,0.480874041106
0.0,0.527884880191
0.0,0.523527015168
1.0,0.441560691114
1.0,0.503616626385
1.0,0.522525318192
0.0,0.504324170641
0.0,0.51543976275
1.0,0.473647141356
1.0,0.433127879842
0.0,0.506345553639
1.0,0.484523610111
1.0,0.51661595696
0.0,0.501118606776
1.0,0.488854906663
1.0,0.513483078729
1.0,0.5093525563
1.0,0.515362022194
1.0,0.52434930433
1.0,0.516499327773
1.0,0.519336508811
1.0,0.546329790503
0.0,0.5141979598
0.0,0.510197045474
0.0,0.506577328864
0.0,0.510624648771
1.0,0.493179149227
0.0,0.508018345949
0.0,0.508461363637
0.0,0.521296373986
1.0,0.506062865744
0.0,0.489828736248
1.0,0.523534647314
1.0,0.461682239844
0.0,0.495050735737
1.0,0.500836082013
1.0,0.520899314349
0.0,0.514877523067
0.0,0.523694576108
0.0,0.535778019969
1.0,0.516561199427
1.0,0.506012839209
0.0,0.470596729769
1.0,0.492238274293
0.0,0.511223939125
0.0,0.485048816217
1.0,0.472631551746
0.0,0.498220477511
1.0,0.504615497939
1.0,0.477884937055
0.0,0.509154077123
0.0,0.498346318146
1.0,0.507258439318
0.0,0.447038224482
1.0,0.508853344856
0.0,0.512963568891
0.0,0.50969405122
0.0,0.49246264272
0.0,0.480447958358
1.0,0.521782500069
0.0,0.504219162897
1.0,0.507088816425
1.0,0.516509900014
0.0,0.539528248078
1.0,0.512048147363
0.0,0.489284495065
0.0,0.522674805153
1.0,0.52027047508
0.0,0.512886508568
1.0,0.522054340922
1.0,0.406504115972
0.0,0.501141662118
0.0,0.491052827677
0.0,0.485445426474
0.0,0.494573416051
1.0,0.507874768372
1.0,0.445211638605
1.0,0.514085353717
1.0,0.522031323116
1.0,0.514407221105
0.0,0.514345129944
1.0,0.47138186776
0.0,0.483239042818
0.0,0.507129956303
0.0,0.511299194498
0.0,0.52233706273
1.0,0.45909306405
1.0,0.5153915489
0.0,0.507162325001
0.0,0.517596175496
0.0,0.51645810583
1.0,0.511767804735
0.0,0.482866151289
1.0,0.507034516747
0.0,0.499202575853
0.0,0.520481011653
0.0,0.527409489483
1.0,0.527857342688
1.0,0.465854502526
1.0,0.515596205662
0.0,0.531665924084
0.0,0.491463871687
1.0,0.487714879704
0.0,0.505623769138
0.0,0.511393352288
1.0,0.52686400164
0.0,0.507633202232
0.0,0.515588853732
0.0,0.509053410279
1.0,0.504871438145
1.0,0.478262110586
1.0,0.533455532391
1.0,0.531010976576
1.0,0.519713280811
1.0,0.478997234101
1.0,0.516922649296
1.0,0.521321223319
0.0,0.496503304606
0.0,0.474293482869
1.0,0.515581305499
0.0,0.519298566805
1.0,0.507594161081
0.0,0.514393219084
0.0,0.513400971138
1.0,0.474447943448
1.0,0.510635817262
1.0,0.506891438359
0.0,0.508582258374
1.0,0.455666904812
0.0,0.531044120963
0.0,0.514317993882
0.0,0.514419869676
0.0,0.451231710454
1.0,0.498221087064
0.0,0.500536977858
0.0,0.518847847322
1.0,0.520808392735
1.0,0.535053542594
0.0,0.53708305649
1.0,0.475909084428
1.0,0.511754371181
1.0,0.509146375964
0.0,0.49440868541
0.0,0.508081872264
0.0,0.484607906845
0.0,0.491064464018
1.0,0.516605975698
1.0,0.5127330205
0.0,0.536366258803
0.0,0.486199944521
0.0,0.50875345532
1.0,0.511694413627
0.0,0.476754822514
1.0,0.483822259973
0.0,0.519586659493
0.0,0.536461276048
0.0,0.524728905619
0.0,0.529581771302
1.0,0.518903635731
0.0,0.529157879186
0.0,0.477465129177
0.0,0.48239726157
1.0,0.516089826492
1.0,0.527247447066
0.0,0.486671829491
0.0,0.493902932884
1.0,0.4728954687
0.0,0.523555251778
1.0,0.511962035522
1.0,0.499252133553
0.0,0.511498772109
0.0,0.491262532159
1.0,0.502536992439
0.0,0.504994371851
0.0,0.50987279953
0.0,0.519720873729
0.0,0.515423205791
1.0,0.5047707917
0.0,0.503553804162
0.0,0.504407674589
1.0,0.530946528304
0.0,0.50688831685
1.0,0.524557463325
0.0,0.480497863553
0.0,0.528159911737
1.0,0.51877188677
0.0,0.494788792385
0.0,0.452583008033
0.0,0.51150189372
0.0,0.506709023232
1.0,0.529385622119
1.0,0.524361900835
1.0,0.497157291112
0.0,0.502742544897
1.0,0.512724275469
0.0,0.481110540783
0.0,0.522534184895
0.0,0.476922432836
0.0,0.522200977605
0.0,0.473098552335
0.0,0.469217706239
1.0,0.529977231085
0.0,0.497487166813
1.0,0.535742788284
1.0,0.508713980741
0.0,0.516652056103
1.0,0.525218364608
0.0,0.51618590212
1.0,0.527853200357
0.0,0.521789022988
1.0,0.526796952926
1.0,0.464753875099
0.0,0.529701667382
1.0,0.487267020033
1.0,0.506385213683
0.0,0.528497367885
1.0,0.506511911175
0.0,0.513752847402
1.0,0.530283221905
0.0,0.501498139529
1.0,0.519145238604
1.0,0.505719272663
0.0,0.525192149122
0.0,0.515393155708
1.0,0.522070392445
0.0,0.517249943838
1.0,0.494622036822
1.0,0.518874242955
0.0,0.525833610396
0.0,0.490362797571
1.0,0.484303010298
0.0,0.486211877764
1.0,0.47168466725
0.0,0.447219072223
0.0,0.503495884352
1.0,0.453730422751
0.0,0.478398350474
1.0,0.509095942555
1.0,0.502591408323
0.0,0.520944487715
1.0,0.480111492928
0.0,0.516529490633
1.0,0.505975289425
0.0,0.505636310329
0.0,0.503571755847
1.0,0.39698750893
0.0,0.523483472185
1.0,0.505404191342
0.0,0.504600296054
0.0,0.4982104138
0.0,0.463122590257
0.0,0.498598426793
0.0,0.504673493314
1.0,0.503235745132
1.0,0.470942648784
1.0,0.522772721221
1.0,0.516886749678
0.0,0.515905221551
0.0,0.538913545562
1.0,0.511499406014
0.0,0.514025427949
1.0,0.492172911076
0.0,0.493644062038
0.0,0.427476765658
1.0,0.538797856004
0.0,0.486418448435
0.0,0.50558241183
1.0,0.522873594029
1.0,0.487367788196
1.0,0.500241093545
1.0,0.495484626893
0.0,0.506256397487
1.0,0.515441237516
0.0,0.44946489835
0.0,0.499765671034
1.0,0.458375591025
1.0,0.525115635885
0.0,0.435662493207
0.0,0.505583579398
1.0,0.523443749301
0.0,0.514479655603
0.0,0.512654551572
0.0,0.54932208877
1.0,0.486978625837
0.0,0.51090497995
1.0,0.50605237544
1.0,0.469990512932
0.0,0.51624103113
0.0,0.481510493248
0.0,0.490446770036
1.0,0.493308692222
0.0,0.532012593335
1.0,0.493186816343
1.0,0.492045204557
1.0,0.51770018675
0.0,0.540276933789
0.0,0.515457572763
0.0,0.520143471263
1.0,0.497772719184
1.0,0.522087918501
1.0,0.516166898209
0.0,0.526002867908
0.0,0.459854237704
0.0,0.531803465674
1.0,0.486235740577
1.0,0.506318381292
1.0,0.511201858529
0.0,0.47805469301
1.0,0.507772207017
0.0,0.525563552246
1.0,0.513600530268
0.0,0.523962934996
0.0,0.513362536082
0.0,0.505385814619
1.0,0.519149512411
1.0,0.513223378791
1.0,0.482653656249
1.0,0.522360446477
1.0,0.504250120181
0.0,0.493530075684
1.0,0.516144042575
0.0,0.518557044754
0.0,0.516653438032
0.0,0.532331826435
1.0,0.49919086235
0.0,0.517313794038
1.0,0.462753826887
0.0,0.509320377438
1.0,0.511493841463
1.0,0.516248907136
1.0,0.501910107372
0.0,0.488971120624
1.0,0.511666513622
1.0,0.544761175511
1.0,0.520713681929
0.0,0.448674708821
0.0,0.500823430733
1.0,0.521550650133
0.0,0.478397754919
1.0,0.501997470733
0.0,0.487213951618
1.0,0.492401254396
0.0,0.465601942865
0.0,0.521528611157
1.0,0.521126298757
0.0,0.516731364376
1.0,0.517066227195
1.0,0.547412738379
0.0,0.517313181023
0.0,0.498963253228
1.0,0.519126017559
1.0,0.522709917106
1.0,0.526015291907
0.0,0.524034086175
0.0,0.394081609061
0.0,0.504939270275
1.0,0.519889401636
0.0,0.517051585363
0.0,0.523667913917
0.0,0.490226755391
1.0,0.501938470805
1.0,0.511812978636
0.0,0.521429250658
1.0,0.504845754169
1.0,0.510333826589
0.0,0.489807893903
1.0,0.494856465376
1.0,0.524687120072
1.0,0.503845579645
1.0,0.497544491965
0.0,0.508516866663
0.0,0.529268835244
0.0,0.524141027614
1.0,0.534877715946
0.0,0.513645775223
1.0,0.515701444789
0.0,0.537707571226
1.0,0.481286595339
1.0,0.513137979306
0.0,0.508887711111
0.0,0.528662011617
1.0,0.527239022359
1.0,0.522359390631
0.0,0.511897959535
1.0,0.515266920038
0.0,0.50471303522
0.0,0.528738017635
1.0,0.517421846489
0.0,0.5434462408
0.0,0.522367937669
1.0,0.479153023337
1.0,0.527477798971
1.0,0.507982372985
1.0,0.516650169302
1.0,0.481972982533
0.0,0.513910182265
0.0,0.500137773209
1.0,0.487947300915
1.0,0.488331594643
1.0,0.463155968907
0.0,0.489633357504
1.0,0.478446049265
1.0,0.48765627465
1.0,0.533230112858
0.0,0.4769141721
0.0,0.472186586886
0.0,0.515844162427
0.0,0.499122198062
0.0,0.50022888303
0.0,0.478996413916
0.0,0.505203320261
0.0,0.529326921678
0.0,0.45426654382
1.0,0.473538176664
0.0,0.513670030474
0.0,0.501962341224
1.0,0.512173356509
0.0,0.53414486188
1.0,0.479618624849
0.0,0.510882604879
1.0,0.532431074954
1.0,0.525289348842
1.0,0.464059970496
1.0,0.521649848548
1.0,0.514813285359
1.0,0.511308923921
0.0,0.504917594862
1.0,0.509648543222
0.0,0.489362272714
0.0,0.526111188734
1.0,0.441735426201
1.0,0.489521724769
1.0,0.511189885394
0.0,0.454246375077
0.0,0.524671362362
1.0,0.519428981022
1.0,0.423342986134
0.0,0.506803054173
1.0,0.520095893472
0.0,0.491261306488
0.0,0.515729600619
0.0,0.499030573242
1.0,0.509410556746
1.0,0.488306940789
1.0,0.506840978252
1.0,0.489691590787
0.0,0.505284176752
0.0,0.526206601814
1.0,0.468151440739
0.0,0.519437587547
1.0,0.505659417121
1.0,0.528326636862
0.0,0.489099467874
1.0,0.503462665196
0.0,0.506620889352
1.0,0.506800407675
0.0,0.545604178703
0.0,0.527359558733
0.0,0.484894629532
1.0,0.498138499363
1.0,0.515652867723
1.0,0.515954245035
1.0,0.535644382893
0.0,0.502128964986
0.0,0.530789367232
0.0,0.520057860021
1.0,0.510527783772
0.0,0.453527297612
1.0,0.514665880901
0.0,0.513593953008
1.0,0.519872981183
1.0,0.522269404933
0.0,0.475076918099
1.0,0.514663740064
0.0,0.483911573807
1.0,0.508158861618
0.0,0.516285813575
1.0,0.519226102841
0.0,0.485870530828
0.0,0.514354600482
0.0,0.512019041478
1.0,0.540833196524
1.0,0.510273019684
0.0,0.520319835646
0.0,0.540688857352
0.0,0.525439921584
0.0,0.519864491836
0.0,0.494376831103
0.0,0.527264937009
1.0,0.479636217264
0.0,0.51204153284
1.0,0.522893090937
0.0,0.539791262071
1.0,0.501357072878
0.0,0.50239155786
1.0,0.524939722066
0.0,0.470241750815
1.0,0.466630823038
0.0,0.449496265626
0.0,0.503665159645
1.0,0.519556787874
0.0,0.477806039861
0.0,0.526201042322
1.0,0.511934814139
0.0,0.509839759572
0.0,0.522525713543
0.0,0.484961773948
1.0,0.505427438978
1.0,0.554901145689
1.0,0.526791731521
0.0,0.524448464706
1.0,0.513034213541
0.0,0.521591730722
0.0,0.492098997115
1.0,0.517394237774
0.0,0.510417813104
0.0,0.505717862913
0.0,0.495232158667
0.0,0.501239409002
1.0,0.509480783334
1.0,0.518609955778
1.0,0.489702576298
1.0,0.488878683808
1.0,0.494704464143
1.0,0.511095357874
1.0,0.502988046422
1.0,0.497235910561
0.0,0.52674127766
1.0,0.535266793924
1.0,0.539966494152
0.0,0.462147357491
1.0,0.525678642075
0.0,0.537541458375
1.0,0.530196100273
0.0,0.507541256608
0.0,0.500620276699
0.0,0.504232663342
0.0,0.498238272868
1.0,0.500629155701
0.0,0.515758202706
0.0,0.506802213744
1.0,0.509524335955
1.0,0.523650938771
0.0,0.498603457913
1.0,0.487135642712
1.0,0.508286638064
0.0,0.535107106805
1.0,0.521616166183
0.0,0.512639790155
0.0,0.521840670735
1.0,0.520732606804
1.0,0.501117864658
0.0,0.507607843681
0.0,0.501041454524
1.0,0.516279841606
0.0,0.511992451704
1.0,0.523988686041
0.0,0.456616769491
1.0,0.493027817249
0.0,0.522764761341
1.0,0.499714971967
0.0,0.454654941982
0.0,0.523870741177
0.0,0.481010964178
1.0,0.514642267029
1.0,0.501443957269
0.0,0.531716405144
1.0,0.455409525098
1.0,0.527390108264
1.0,0.476186670242
0.0,0.500145710148
1.0,0.503362630431
1.0,0.484608217233
0.0,0.517921371437
0.0,0.48886833055
0.0,0.532673953084
0.0,0.465776199354
1.0,0.441764310384
0.0,0.50682938344
0.0,0.52010329592
0.0,0.508433306168
0.0,0.51006786163
0.0,0.519080791135
0.0,0.501326302682
1.0,0.519304204823
1.0,0.509052565914
1.0,0.482053909107
0.0,0.511158806538
1.0,0.497238079196
1.0,0.519653238701
1.0,0.536430554569
1.0,0.422889725541
0.0,0.501287830542
1.0,0.498768498198
0.0,0.531095337148
1.0,0.512562612176
1.0,0.483146734147
1.0,0.487856605481
1.0,0.519265056182
1.0,0.464899703836
0.0,0.501168685061
1.0,0.532385470971
1.0,0.43306260952
0.0,0.512360364226
0.0,0.496037852322
0.0,0.502541889438
0.0,0.454757573551
1.0,0.491549268556
0.0,0.530874735566
1.0,0.516938160867
0.0,0.516984753603
1.0,0.515441765216
0.0,0.50474478422
0.0,0.498483028482
1.0,0.477009281436
0.0,0.53130242608
1.0,0.453896786494
1.0,0.50720377601
0.0,0.514481206558
0.0,0.519114619233
0.0,0.488603829622
1.0,0.528445699607
0.0,0.507543350569
1.0,0.524882418419
1.0,0.513566008657
1.0,0.517425379419
1.0,0.509547264848
0.0,0.510455264979
1.0,0.536495187268
0.0,0.485359617435
1.0,0.45591748826
0.0,0.467113061539
1.0,0.483658882668
1.0,0.475931044421
1.0,0.50124920062
0.0,0.498254476598
0.0,0.527009635431
0.0,0.522433555893
1.0,0.442888359592
0.0,0.514961405615
1.0,0.516876061074
1.0,0.519884392542
1.0,0.530274480458
0.0,0.485329920438
0.0,0.525407661503
1.0,0.530622446148
0.0,0.521139356837
0.0,0.506391158441
1.0,0.425450653759
0.0,0.530761532606
0.0,0.506891071568
1.0,0.47181468162
1.0,0.491483581638
0.0,0.508026584201
1.0,0.512954078094
1.0,0.425897548408
0.0,0.523799502517
1.0,0.515038497002
1.0,0.503316083514
1.0,0.529029594949
0.0,0.507222034774
1.0,0.514447313605
1.0,0.502385835907
1.0,0.522288502572
1.0,0.504045167656
0.0,0.509884336507
1.0,0.478617331873
0.0,0.493592057937
0.0,0.524305314962
1.0,0.505219982947
0.0,0.471857159971
0.0,0.521453156827
0.0,0.517382337604
1.0,0.530189498868
1.0,0.512516195949
1.0,0.50151049513
1.0,0.500642552926
0.0,0.488162194081
1.0,0.515187033887
1.0,0.535405616623
0.0,0.50817352787
1.0,0.553337207964
0.0,0.520444666078
1.0,0.502628446865
0.0,0.51024619874
0.0,0.530710643906
0.0,0.521977140307
0.0,0.508927932498
1.0,0.510566183533
0.0,0.488874513007
1.0,0.516485767788
1.0,0.50269385391
0.0,0.476167619358
0.0,0.528692488725
0.0,0.51124064159
1.0,0.507423271497
0.0,0.50731456402
1.0,0.503923438017
0.0,0.521363058505
0.0,0.517504913041
1.0,0.495428115656
0.0,0.473390227728
1.0,0.508571397824
0.0,0.545514344741
1.0,0.484092590608
0.0,0.513754783375
1.0,0.509160784314
0.0,0.50743398111
1.0,0.508889732923
0.0,0.529542658714
0.0,0.452933318699
1.0,0.516680863462
0.0,0.523326854925
1.0,0.526952640984
0.0,0.511631052818
0.0,0.475034857598
0.0,0.483968889335
0.0,0.516230878244
0.0,0.510888389796
1.0,0.520499015781
0.0,0.501893678527
1.0,0.469522187502
1.0,0.504491794764
1.0,0.434342709067
0.0,0.502856676466
0.0,0.524728188381
1.0,0.520220397998
0.0,0.517777102569
1.0,0.503952251176
1.0,0.468541030515
0.0,0.514723823338
0.0,0.488338056496
1.0,0.507725784814
0.0,0.504774595758
0.0,0.521661641943
0.0,0.506506321417
0.0,0.491774786184
1.0,0.509813248089
1.0,0.488738340156
0.0,0.521353264081
0.0,0.478903412658
0.0,0.523248153382
1.0,0.521527295786
1.0,0.51621180056
1.0,0.508250595857
1.0,0.512864961767
0.0,0.521466721859
1.0,0.518226259806
1.0,0.521643816154
0.0,0.525140462545
0.0,0.458958994199
1.0,0.505510702748
0.0,0.478737467923
1.0,0.512513719042
0.0,0.450193241256
1.0,0.493639659772
1.0,0.530625904124
1.0,0.500712527467
1.0,0.524338025682
1.0,0.510612570159
0.0,0.528945005993
1.0,0.52777684486
0.0,0.522289903912
0.0,0.50602969233
1.0,0.512882092128
1.0,0.456440002795
1.0,0.456068030338
1.0,0.505440955637
1.0,0.519285418313
1.0,0.50244919246
1.0,0.523781825973
0.0,0.513460132345
1.0,0.515995236966
1.0,0.507618029002
0.0,0.487212817315
1.0,0.496051032732
0.0,0.511627974121
0.0,0.517284070686
0.0,0.519499821107
1.0,0.438925820817
0.0,0.545238684726
0.0,0.528399196936
1.0,0.509781351745
1.0,0.512083682108
0.0,0.489309438378
1.0,0.504598813532
1.0,0.469902231788
0.0,0.498717013776
0.0,0.50780024101
1.0,0.517666857373
1.0,0.521765479267
0.0,0.52012857724
0.0,0.514854782885
1.0,0.533714988213
1.0,0.498467520777
0.0,0.489822272956
1.0,0.514876091627
1.0,0.504180257247
1.0,0.511449931706
1.0,0.470163025063
1.0,0.495851262296
1.0,0.523237976856
0.0,0.506121726258
0.0,0.536513104188
1.0,0.510453115537
0.0,0.477744473024
0.0,0.430252592226
1.0,0.514899239278
1.0,0.520524488259
0.0,0.518880146906
1.0,0.518896036329
0.0,0.507394440824
0.0,0.499573620678
1.0,0.525278971247
1.0,0.540643317077
1.0,0.419854453329
1.0,0.477263004155
0.0,0.530652049139
0.0,0.51168228091
0.0,0.489457435474
0.0,0.508078040238
0.0,0.513873600251
1.0,0.515979008766
1.0,0.507100690549
0.0,0.52052151934
1.0,0.523115109662
1.0,0.508631029615
1.0,0.507734398403
1.0,0.516459558529
0.0,0.508206758398
1.0,0.504981921912
1.0,0.51313428752
1.0,0.52421282357
0.0,0.536550203829
1.0,0.512279573153
1.0,0.444339850864
0.0,0.505803794414
0.0,0.507215685183
0.0,0.523064751878
0.0,0.529911876917
1.0,0.518345485296
0.0,0.510298191954
1.0,0.527570444565
1.0,0.511514218233
0.0,0.439167925246
1.0,0.506768773394
0.0,0.502460761688
0.0,0.528939668067
1.0,0.521230726775
0.0,0.505068093505
1.0,0.524263809893
1.0,0.444607738781
1.0,0.499043218515
1.0,0.526074144118
1.0,0.524943521238
0.0,0.52568891377
0.0,0.500452769
0.0,0.536515917284
0.0,0.479784423303
0.0,0.486685700084
1.0,0.496401094732
0.0,0.51371901429
0.0,0.502647972604
1.0,0.527328658122
1.0,0.513181443986
1.0,0.50426899553
0.0,0.522468736297
0.0,0.519222976926
0.0,0.503363961791
0.0,0.515566400677
1.0,0.507996512448
1.0,0.482180962521
0.0,0.509485917795
1.0,0.480652725502
0.0,0.510616950416
0.0,0.499756908937
0.0,0.480398207388
1.0,0.446726584818
1.0,0.51877997581
0.0,0.499861747134
1.0,0.508830011832
0.0,0.518299540848
0.0,0.511964527086
1.0,0.467771120519
1.0,0.52152685548
1.0,0.488470906421
1.0,0.511244380717
1.0,0.476086947294
0.0,0.503512121508
0.0,0.492863677351
0.0,0.509742287395
1.0,0.493073604181
0.0,0.534495403604
1.0,0.484729801217
1.0,0.466611992973
1.0,0.520952038265
0.0,0.514507820142
0.0,0.502819022826
1.0,0.499774713353
1.0,0.516887098877
0.0,0.534555842536
1.0,0.503357888218
0.0,0.522293192455
1.0,0.509662411052
1.0,0.428327267693
1.0,0.485869075852
1.0,0.499682745645
0.0,0.452666756655
1.0,0.507987181389
1.0,0.520229118361
0.0,0.524657731756
1.0,0.501284259686
1.0,0.488908169064
1.0,0.502103200494
1.0,0.500655850681
1.0,0.499901861268
1.0,0.508163196985
1.0,0.492437394414
1.0,0.500643593318
0.0,0.468452375684
1.0,0.503825504725
1.0,0.493597347663
0.0,0.519603865678
0.0,0.496078902845
0.0,0.508903589222
1.0,0.515538644928
0.0,0.508671708239
0.0,0.508796520618
0.0,0.530300874735
0.0,0.543956539324
1.0,0.501693997672
0.0,0.505366728966
0.0,0.504365036754
0.0,0.512478127458
1.0,0.531093797369
0.0,0.516474107977
0.0,0.528356107873
0.0,0.46459626444
0.0,0.483154806167
0.0,0.474472801702
0.0,0.508200432672
1.0,0.508968619857
0.0,0.530308572624
1.0,0.51795885412
0.0,0.509163844952
0.0,0.515696562831
0.0,0.522367218799
1.0,0.509247801487
1.0,0.486582681329
0.0,0.501646275048
0.0,0.509508113432
1.0,0.500479295055
1.0,0.520651741923
1.0,0.480731368972
1.0,0.50609301209
1.0,0.538298760448
0.0,0.525044492078
1.0,0.510101224294
0.0,0.52119945322
1.0,0.517184698831
0.0,0.532485608067
1.0,0.491215018099
0.0,0.520066005436
1.0,0.507263624803
0.0,0.520359611668
0.0,0.456122745424
0.0,0.494797368376
1.0,0.452392238879
0.0,0.513175480911
1.0,0.460644857294
0.0,0.499470886902
0.0,0.482064327759
1.0,0.44308504174
1.0,0.500407218266
0.0,0.502300634458
0.0,0.503764725996
1.0,0.509226937552
1.0,0.452077227856
1.0,0.523457466603
1.0,0.454553081097
0.0,0.517966848517
1.0,0.519979088216
0.0,0.533698359476
0.0,0.503221574254
0.0,0.515281890424
0.0,0.479190334902
0.0,0.508722798468
0.0,0.503278317026
1.0,0.526352846057
0.0,0.50906679192
0.0,0.469832046316
0.0,0.471164994065
0.0,0.513541575707
0.0,0.519817584373
0.0,0.511020322748
1.0,0.452410267753
1.0,0.499541064634
0.0,0.510328
0.0,0.495833468124
1.0,0.516455610378
1.0,0.508608913686
0.0,0.479901404905
1.0,0.516072953089
1.0,0.502183522306
0.0,0.520504017095
1.0,0.475331684612
1.0,0.476662681017
0.0,0.514923500793
1.0,0.485892367869
0.0,0.520383457201
1.0,0.519392089554
0.0,0.486523218059
1.0,0.502132545221
0.0,0.492449967367
0.0,0.514990293571
0.0,0.507753690986
1.0,0.520419733533
0.0,0.480867919618
0.0,0.533321834089
0.0,0.50329092975
0.0,0.481608581705
0.0,0.50987957754
1.0,0.52476855196
1.0,0.520398281312
0.0,0.502806281442
0.0,0.504992611463
1.0,0.510815983248
1.0,0.513955114514
1.0,0.509376868582
1.0,0.512560516113
1.0,0.54363824401
1.0,0.518010239659
0.0,0.504828675276
1.0,0.505365900306
1.0,0.532297889482
1.0,0.506275418801
0.0,0.420903755288
0.0,0.501985434301
1.0,0.519559054462
0.0,0.477735109822
0.0,0.524879345581
1.0,0.472459730169
1.0,0.500759657174
1.0,0.521842124871
1.0,0.446599621528
1.0,0.509333892694
1.0,0.486335071606
0.0,0.486294443061
1.0,0.531772468564
1.0,0.509620940007
0.0,0.461712201658
1.0,0.517409451829
0.0,0.492239088979
0.0,0.509269952149
0.0,0.507370743781
0.0,0.464069792125
1.0,0.491645941436
1.0,0.442842469077
0.0,0.51820452017
1.0,0.521685525865
1.0,0.500083846188
0.0,0.523095844271
0.0,0.507343292158
0.0,0.506139933405
0.0,0.521198226842
0.0,0.484021942121
1.0,0.519030155488
0.0,0.524601800957
0.0,0.516878252916
0.0,0.472539100447
1.0,0.51529579799
1.0,0.46913051987
0.0,0.499141546218
0.0,0.487181605413
0.0,0.502844378181
1.0,0.514395606878
1.0,0.477919618551
0.0,0.513104197679
0.0,0.53346994463
0.0,0.489786760836
0.0,0.514561574266
0.0,0.487214499545
0.0,0.477004066325
1.0,0.504585670137
1.0,0.483910194774
0.0,0.485790264484
0.0,0.493414889491
0.0,0.505330036658
1.0,0.524051406888
1.0,0.506833904007
1.0,0.512368560688
1.0,0.485695804122
0.0,0.497855895732
1.0,0.490527687755
0.0,0.466003268817
0.0,0.522167584112
1.0,0.527545262219
1.0,0.5106216955
1.0,0.508846854075
0.0,0.46938378386
1.0,0.468345342289
0.0,0.521092589631
0.0,0.542728562385
0.0,0.502028102049
0.0,0.460862428637
1.0,0.485473707346
1.0,0.480680145372
1.0,0.492705214389
1.0,0.505904364512
1.0,0.518378744216
0.0,0.514068298437
0.0,0.514332432509
0.0,0.509503233709
0.0,0.538226062081
0.0,0.431193118261
1.0,0.500702438979
0.0,0.508383443744
0.0,0.509980027953
0.0,0.503778923962
0.0,0.454050108862
0.0,0.513132392095
1.0,0.515978964066
0.0,0.496972821427
0.0,0.470901810645
1.0,0.474409901565
0.0,0.524002463646
0.0,0.494476096999
1.0,0.491699188798
1.0,0.495563130548
1.0,0.450827072369
0.0,0.4592782432
1.0,0.515984500439
0.0,0.518354610223
1.0,0.499565257337
1.0,0.509176289608
0.0,0.500681048271
1.0,0.523485769371
1.0,0.508915137228
0.0,0.50455998891
1.0,0.508044460257
1.0,0.522088593009
1.0,0.53889468742
0.0,0.505973377382
0.0,0.526613589305
1.0,0.498706790702
0.0,0.521613587062
1.0,0.520791031836
1.0,0.527237283408
0.0,0.4916642106
0.0,0.516509947194
1.0,0.521427542009
1.0,0.533150019612
0.0,0.554638703816
1.0,0.515547277562
0.0,0.515231443666
1.0,0.508687035839
0.0,0.499090968088
0.0,0.523620151497
0.0,0.458786981224
0.0,0.523255734994
1.0,0.449562525193
0.0,0.525629042879
0.0,0.46247241171
0.0,0.508439881125
0.0,0.534290585842
1.0,0.507007748481
0.0,0.480789359731
1.0,0.513181192185
0.0,0.518659488118
0.0,0.494346964041
1.0,0.498265467175
1.0,0.456960214386
1.0,0.46184093155
1.0,0.454469787828
1.0,0.423514940976
0.0,0.493016764481
1.0,0.524754505165
1.0,0.54115644956
1.0,0.502389211666
0.0,0.449188708849
0.0,0.455284702325
1.0,0.506460257329
1.0,0.51020272106
0.0,0.50327503546
0.0,0.51672578645
0.0,0.524436735255
1.0,0.496383644832
0.0,0.477881782078
1.0,0.517686737264
1.0,0.502377525748
1.0,0.504363766754
1.0,0.504740716303
0.0,0.510455790219
0.0,0.489259069339
0.0,0.520567109186
0.0,0.46268441296
1.0,0.495475328304
0.0,0.511179247521
1.0,0.555866324398
1.0,0.510284867902
0.0,0.467263231386
0.0,0.443642970811
0.0,0.514267651992
1.0,0.478067128809
1.0,0.516515253222
1.0,0.527179077284
1.0,0.526460888488
0.0,0.49587495641
1.0,0.51619702388
0.0,0.490872531532
0.0,0.501536553318
0.0,0.546384306697
1.0,0.521246274941
0.0,0.489850496421
1.0,0.510281325209
0.0,0.504323010776
1.0,0.469829357777
1.0,0.513674908309
0.0,0.525980469117
1.0,0.441214021882
0.0,0.516218342853
0.0,0.482225083473
0.0,0.502276529897
1.0,0.510160242706
1.0,0.502329734026
0.0,0.515369513529
1.0,0.509965937445
1.0,0.4583080194
0.0,0.518810115627
0.0,0.472264409057
0.0,0.472739888224
1.0,0.502309915635
0.0,0.516871488932
0.0,0.510117105469
1.0,0.528480754118
1.0,0.524284802118
0.0,0.505517178342
0.0,0.517390422767
0.0,0.522742804878
0.0,0.52528892896
0.0,0.466358018394
1.0,0.534941028053
0.0,0.484347038199
1.0,0.500857768255
1.0,0.492848705269
1.0,0.517214787009
0.0,0.511538129494
1.0,0.517529158671
0.0,0.519066645078
0.0,0.499916012813
1.0,0.527979888009
1.0,0.509918963214
1.0,0.514541492484
0.0,0.497790812377
1.0,0.46542080626
1.0,0.474278849495
0.0,0.518081329042
1.0,0.51230366801
1.0,0.496784329286
1.0,0.523092217297
1.0,0.515296481688
1.0,0.508121363845
0.0,0.507277264698
0.0,0.498417369503
0.0,0.512765057344
0.0,0.55390302045
1.0,0.511908057911
0.0,0.5305220502
0.0,0.512161922675
0.0,0.463261559717
0.0,0.469628103013
0.0,0.524424774974
1.0,0.515402971727
0.0,0.479934850664
0.0,0.528151161653
1.0,0.50125994129
1.0,0.53165333699
0.0,0.519785382253
1.0,0.508033860392
0.0,0.502527448283
0.0,0.515911190468
0.0,0.471838378179
1.0,0.520615234677
1.0,0.516623001879
0.0,0.547486904913
0.0,0.52169730889
0.0,0.510897073152
0.0,0.521294866035
1.0,0.497985651607
0.0,0.506788654485
0.0,0.526669183092
1.0,0.528759850173
1.0,0.430456343159
0.0,0.499481089741
1.0,0.53333817802
1.0,0.504718564684
1.0,0.543424856047
0.0,0.520639098229
0.0,0.473235411725
0.0,0.465439380428
0.0,0.522966142132
1.0,0.497861695995
1.0,0.517241889832
0.0,0.517481158386
1.0,0.506530447154
1.0,0.519231318904
0.0,0.516245939595
0.0,0.518981324852
1.0,0.532026704642
1.0,0.521177946446
1.0,0.454580974686
0.0,0.520378732394
1.0,0.517400575218
1.0,0.504711824291
0.0,0.492532844371
1.0,0.503542500938
1.0,0.496449175131
1.0,0.51280791167
1.0,0.506658386285
0.0,0.511349984405
1.0,0.509897633847
1.0,0.51281003855
0.0,0.492822778316
1.0,0.46071824416
0.0,0.528931606439
0.0,0.481270530939
1.0,0.509273367871
1.0,0.496528268089
1.0,0.450677092329
0.0,0.499941680849
1.0,0.517031381665
0.0,0.490045429641
0.0,0.515493867353
1.0,0.49784220544
1.0,0.512845549399
1.0,0.484924039894
0.0,0.499044208198
0.0,0.512733404753
1.0,0.461642305239
1.0,0.515587943718
1.0,0.516657111213
0.0,0.475194261598
1.0,0.503958176143
1.0,0.510031540638
0.0,0.508245833132
1.0,0.505360990118
1.0,0.507401813245
1.0,0.520532361695
0.0,0.516353722606
1.0,0.486883752801
1.0,0.537297274808
1.0,0.419502832443
0.0,0.503714159571
0.0,0.542064665661
0.0,0.506689897586
1.0,0.516964999357
0.0,0.508765791501
0.0,0.52120591262
1.0,0.516992605413
1.0,0.5204280235
1.0,0.437414248915
0.0,0.506973814233
0.0,0.512182975321
0.0,0.504844645631
0.0,0.514460057607
1.0,0.480443959836
0.0,0.489225668716
0.0,0.48844968543
0.0,0.508319316548
1.0,0.510131291381
0.0,0.487074730981
1.0,0.516369818456
1.0,0.521881362399
0.0,0.496857176168
0.0,0.52038119459
1.0,0.504070541277
1.0,0.503166479231
0.0,0.490073519038
1.0,0.511224183484
1.0,0.485068512559
0.0,0.505201680387
0.0,0.503784243842
1.0,0.519591357993
1.0,0.515316495659
1.0,0.524766738464
0.0,0.484076147993
0.0,0.510677532621
1.0,0.509259407072
0.0,0.514635937414
1.0,0.56005567911
1.0,0.525248281457
0.0,0.457536312235
0.0,0.478996464391
1.0,0.518171348627
0.0,0.509814628526
1.0,0.474997381999
0.0,0.504920435878
0.0,0.511490526077
0.0,0.510552484501
0.0,0.520238134588
0.0,0.509694858056
1.0,0.467020080297
1.0,0.523733781058
0.0,0.459362527795
1.0,0.477355282908
0.0,0.517374237441
1.0,0.512197727491
0.0,0.522212525347
0.0,0.507073148294
0.0,0.50760233389
1.0,0.538196950376
1.0,0.502815056222
0.0,0.519838480375
0.0,0.516945295844
1.0,0.508237776605
1.0,0.505104555138
1.0,0.546398792651
0.0,0.524006371707
1.0,0.494225629857
0.0,0.445639215953
1.0,0.481551604901
1.0,0.493931096213
1.0,0.436885039874
0.0,0.521397744194
1.0,0.486424568274
0.0,0.52414567498
1.0,0.455157910753
0.0,0.511486712126
1.0,0.517489393219
1.0,0.492352261624
1.0,0.465828591729
0.0,0.488052169871
1.0,0.502442955316
1.0,0.516938844771
1.0,0.503895710948
1.0,0.520410557217
0.0,0.513440280285
0.0,0.510949446079
1.0,0.508743232852
0.0,0.460765475669
1.0,0.475373124578
0.0,0.501922334543
0.0,0.519437288534
0.0,0.526933786596
0.0,0.44477428025
1.0,0.503145683258
0.0,0.498132284327
1.0,0.515400589391
1.0,0.500863160683
0.0,0.520416814266
1.0,0.532301904805
1.0,0.534156652545
1.0,0.512502799508
0.0,0.443566849225
0.0,0.518806564327
0.0,0.486835823029
1.0,0.469259744501
0.0,0.506030693724
0.0,0.50988338268
0.0,0.470841771381
0.0,0.480502289077
0.0,0.502782569355
0.0,0.513850913593
1.0,0.476571906494
1.0,0.459293010282
0.0,0.456741974638
0.0,0.541668262663
0.0,0.52216186798
0.0,0.529717702663
0.0,0.495105966864
1.0,0.530693320562
1.0,0.508860710267
1.0,0.503396216231
0.0,0.510186484388
1.0,0.510817615211
1.0,0.507953652963
1.0,0.495642266821
1.0,0.526662776219
1.0,0.507064678239
1.0,0.506846786733
0.0,0.492747157359
0.0,0.507827898277
1.0,0.483074909121
0.0,0.500985941822
0.0,0.531630092127
1.0,0.471366762725
1.0,0.528380504464
0.0,0.549120894511
1.0,0.459254366132
1.0,0.497478310354
0.0,0.486396682985
0.0,0.513919549914
1.0,0.509097732383
1.0,0.524047554808
1.0,0.448942903857
1.0,0.507055958984
0.0,0.511688753714
0.0,0.521749069717
0.0,0.489516098512
0.0,0.439807979814
0.0,0.518879250685
1.0,0.5265141743
1.0,0.519784791199
1.0,0.51464898787
1.0,0.448230304438
1.0,0.434401260209
1.0,0.502723969492
0.0,0.481559102737
1.0,0.503170568911
1.0,0.515738864121
1.0,0.503857487558
1.0,0.50389039994
0.0,0.504258494585
1.0,0.452230365053
1.0,0.508817194848
1.0,0.515937141521
1.0,0.511902081259
0.0,0.513488960035
0.0,0.525214391284
0.0,0.526441391749
0.0,0.465865827062
1.0,0.525674796544
0.0,0.509503057748
0.0,0.493745597928
0.0,0.50246045067
0.0,0.52824360602
1.0,0.469011399703
0.0,0.505976030334
0.0,0.519332666336
1.0,0.473456751225
0.0,0.516069558672
0.0,0.50276584929
0.0,0.502173559233
1.0,0.49781832058
1.0,0.509405303499
1.0,0.514523753444
1.0,0.517815740767
1.0,0.520690818536
0.0,0.512417010278
0.0,0.486547142891
1.0,0.527882281944
0.0,0.524226948543
0.0,0.494384337911
0.0,0.50501827272
0.0,0.476916068601
0.0,0.518267152531
0.0,0.495706618841
1.0,0.511328820699
1.0,0.528670722138
0.0,0.497594023527
0.0,0.520589382221
0.0,0.516589657309
1.0,0.499459911439
1.0,0.518543320725
0.0,0.522973880353
1.0,0.512613694866
0.0,0.479326632318
1.0,0.442287846786
1.0,0.499512120417
0.0,0.508882742868
1.0,0.508153548018
1.0,0.510029463385
1.0,0.471368000226
1.0,0.511076318375
0.0,0.512910734486
1.0,0.444342961819
0.0,0.501700320027
0.0,0.524319004616
0.0,0.465513169858
0.0,0.509433573316
0.0,0.537921286217
1.0,0.507038471161
0.0,0.507875473381
1.0,0.504141516743
0.0,0.494779858539
0.0,0.512049359013
1.0,0.517285780198
0.0,0.505612049137
1.0,0.461676338716
0.0,0.492871670187
0.0,0.508241105084
0.0,0.501256924463
0.0,0.49563712447
0.0,0.499501241975
0.0,0.52650850342
1.0,0.487019298214
0.0,0.537209799083
1.0,0.445478816563
1.0,0.498688824893
1.0,0.44335788638
1.0,0.508832705685
1.0,0.477783671326
0.0,0.509678840182
1.0,0.506034983034
1.0,0.498738781901
1.0,0.516231719813
1.0,0.520449725542
1.0,0.494360195504
1.0,0.45619185052
1.0,0.51735216729
0.0,0.450771663938
1.0,0.521774283955
0.0,0.487015667242
1.0,0.515405013499
0.0,0.451991926194
1.0,0.508475444134
0.0,0.495573891444
0.0,0.502679703476
1.0,0.495806921904
0.0,0.516282797453
1.0,0.466232820814
0.0,0.522661188475
0.0,0.50825020846
0.0,0.510755253935
1.0,0.519285129442
1.0,0.512969421824
1.0,0.507191893815
1.0,0.512555989408
1.0,0.537562592779
1.0,0.532428777985
0.0,0.515200759123
0.0,0.502257285259
0.0,0.49955887247
0.0,0.513257914404
1.0,0.484927401451
0.0,0.471654204273
1.0,0.51687564681
1.0,0.480931314081
0.0,0.510085503056
1.0,0.507367295757
0.0,0.528960868128
1.0,0.506768028303
1.0,0.499752851677
1.0,0.508628607742
0.0,0.533400667216
0.0,0.512622235756
0.0,0.488946068401
0.0,0.526121937762
0.0,0.510462385702
1.0,0.514781997952
0.0,0.502426955573
1.0,0.530911996919
1.0,0.487349592683
0.0,0.522146892305
1.0,0.508546559975
0.0,0.488847428759
0.0,0.498334001151
0.0,0.512954390425
0.0,0.516457696864
1.0,0.466282890491
1.0,0.497011381663
1.0,0.522122829933
1.0,0.514564495167
0.0,0.523958865536
1.0,0.524864185987
0.0,0.504202073804
0.0,0.521452427283
1.0,0.500305520131
0.0,0.520959269564
0.0,0.520546462844
1.0,0.509643648888
0.0,0.487277994736
1.0,0.436037556615
1.0,0.495496907616
0.0,0.512193285596
0.0,0.476907486839
1.0,0.476964934054
0.0,0.522302552697
1.0,0.497849243484
1.0,0.502452913592
1.0,0.490391134367
1.0,0.514230925398
0.0,0.520863760587
1.0,0.530724611517
0.0,0.524333916717
1.0,0.552077689684
1.0,0.530387712716
1.0,0.526509800465
0.0,0.519415759786
1.0,0.510667436218
0.0,0.494200607945
0.0,0.51656512438
0.0,0.520635474308
1.0,0.521813469932
1.0,0.497498726207
0.0,0.51999971154
0.0,0.509775531763
1.0,0.515833190474
1.0,0.519332304072
0.0,0.46585729767
1.0,0.521845478883
1.0,0.521571705526
0.0,0.508889702283
0.0,0.512632175834
1.0,0.505993892144
0.0,0.519818410954
1.0,0.521238068822
0.0,0.508040571724
1.0,0.481255826441
1.0,0.503777198043
0.0,0.532705098077
0.0,0.50056928548
1.0,0.510641305793
1.0,0.517075348576
1.0,0.524231028555
1.0,0.461121132122
1.0,0.527189237726
1.0,0.534748013108
1.0,0.515499479685
0.0,0.51847517227
1.0,0.499054114897
0.0,0.513045299135
1.0,0.481343536259
0.0,0.503013456373
0.0,0.525495780042
0.0,0.511674604225
1.0,0.477171515346
1.0,0.516535185114
1.0,0.47460594211
0.0,0.490098286842
1.0,0.514896528155
1.0,0.52976731528
1.0,0.521731483051
0.0,0.502876323878
1.0,0.501043822118
0.0,0.49928788694
1.0,0.520328318033
1.0,0.497603976679
0.0,0.525852287089
0.0,0.514199378961
0.0,0.513108325062
0.0,0.534107458381
0.0,0.512642705049
0.0,0.483389632042
1.0,0.526848176811
0.0,0.514252914146
0.0,0.468975078513
0.0,0.467629842061
1.0,0.525449882962
1.0,0.52277161073
1.0,0.517609549087
1.0,0.505579804527
0.0,0.487510216644
0.0,0.517853320147
0.0,0.506819422067
1.0,0.501886966989
0.0,0.525411078735
0.0,0.532761526086
1.0,0.543698037845
0.0,0.498527012692
1.0,0.521220988747
0.0,0.520141745169
0.0,0.535278315072
0.0,0.50736762714
1.0,0.522804388967
1.0,0.518924719134
0.0,0.46204258228
1.0,0.498061945415
0.0,0.4892915826
1.0,0.511986095873
0.0,0.470720845273
0.0,0.501264522843
1.0,0.513766197833
0.0,0.467817222139
0.0,0.495634478536
1.0,0.550155638571
1.0,0.48756015621
1.0,0.468517993028
0.0,0.476863566029
0.0,0.495362055205
0.0,0.505984423147
0.0,0.48509368748
0.0,0.511460514931
0.0,0.516387824778
1.0,0.511404606658
0.0,0.511824728513
0.0,0.520987716865
0.0,0.506464979392
0.0,0.49473080777
1.0,0.491984308303
1.0,0.520001365866
1.0,0.52242837897
1.0,0.495050722863
1.0,0.522990781194
0.0,0.525662669435
1.0,0.496443051988
1.0,0.51588765395
0.0,0.525056024357
1.0,0.505031374395
0.0,0.515503630764
0.0,0.525994908399
0.0,0.503375731758
0.0,0.532695141309
0.0,0.522908218565
0.0,0.50038883786
0.0,0.493952742808
0.0,0.491133014668
0.0,0.503800658565
1.0,0.516118601072
1.0,0.504996774115
0.0,0.493843315441
1.0,0.507124066999
0.0,0.516832730804
0.0,0.483687557996
0.0,0.509995392986
1.0,0.511450523971
1.0,0.50747269496
0.0,0.529519518062
0.0,0.487299558321
1.0,0.505144394996
1.0,0.513898846598
1.0,0.502631178387
0.0,0.504047620493
0.0,0.509629312469
0.0,0.50900891871
0.0,0.505830052922
1.0,0.530667581991
0.0,0.514787872805
0.0,0.441476100199
1.0,0.485137533141
0.0,0.517560925458
0.0,0.508856750331
0.0,0.516325963471
1.0,0.494674571642
1.0,0.50884602244
0.0,0.523240644527
0.0,0.50586603911
0.0,0.50540049288
0.0,0.483655156742
0.0,0.502062611121
0.0,0.476342423812
1.0,0.490144578097
1.0,0.507891854256
0.0,0.457387514456
1.0,0.502418826106
0.0,0.482445767356
1.0,0.505732963763
0.0,0.493229644095
1.0,0.521148962948
0.0,0.524687056228
0.0,0.492040241154
1.0,0.496003218241
1.0,0.511885198855
0.0,0.45332209535
1.0,0.482191011494
1.0,0.480392568793
1.0,0.504500720459
1.0,0.506456562475
1.0,0.533278897334
1.0,0.493328831779
0.0,0.506132188652
0.0,0.471652379693
1.0,0.513874337812
1.0,0.510564150431
1.0,0.517153215239
0.0,0.508556303979
0.0,0.482446189901
1.0,0.517537178178
0.0,0.506846991627
0.0,0.513077545609
0.0,0.516713212154
0.0,0.489767360756
0.0,0.511251267956
0.0,0.507361885719
1.0,0.482082941646
0.0,0.491605035101
0.0,0.525151777763
0.0,0.496481402797
0.0,0.529522774117
1.0,0.505717547779
1.0,0.491516352152
0.0,0.51384173656
0.0,0.512775769647
0.0,0.500223901671
0.0,0.520089318117
1.0,0.506995715503
1.0,0.500219730662
1.0,0.494308057617
1.0,0.484462314324
1.0,0.481326075025
0.0,0.488620174589
0.0,0.537222110803
0.0,0.529524686408
1.0,0.481046000994
1.0,0.510449259404
0.0,0.520949835496
0.0,0.49328522167
0.0,0.553672301464
0.0,0.521362646095
1.0,0.499923495777
0.0,0.514610277782
0.0,0.390738794131
1.0,0.517473726752
1.0,0.534246110487
0.0,0.503606885701
0.0,0.500333588729
0.0,0.490291163524
0.0,0.52880219658
1.0,0.521905045771
0.0,0.531261050948
1.0,0.506176893976
1.0,0.464601745317
0.0,0.525917307738
0.0,0.476245761344
0.0,0.471145473589
0.0,0.507032752455
1.0,0.490881566819
0.0,0.506005021101
0.0,0.517693831341
0.0,0.495417107478
1.0,0.501304517894
0.0,0.479997533286
0.0,0.46337876091
0.0,0.516909987422
1.0,0.462392038316
0.0,0.544851558376
0.0,0.527411955461
0.0,0.502230134312
0.0,0.517593842817
1.0,0.521811603617
1.0,0.499447149185
1.0,0.508015356387
0.0,0.506884170042
1.0,0.525788975805
0.0,0.473492395726
0.0,0.499334343133
1.0,0.507209087185
1.0,0.459043745289
0.0,0.496937066244
0.0,0.487798101798
0.0,0.515519837518
1.0,0.519831142189
1.0,0.54317109485
0.0,0.445324144755
0.0,0.511665738366
1.0,0.493978824723
0.0,0.524939627863
0.0,0.510294754673
0.0,0.50567023495
0.0,0.498650777552
1.0,0.492770668876
1.0,0.506066028899
0.0,0.528849507566
1.0,0.516409172938
1.0,0.505351378955
0.0,0.506225671558
1.0,0.51844600806
1.0,0.494577290739
0.0,0.479040703613
0.0,0.492961762659
1.0,0.505069929983
0.0,0.459872979284
0.0,0.526311561151
0.0,0.497560371495
0.0,0.498230168705
1.0,0.526331067864
1.0,0.530756113694
0.0,0.424159145342
1.0,0.514348692911
0.0,0.50981629394
1.0,0.420715752025
1.0,0.481040641566
0.0,0.52891011899
1.0,0.529458791562
1.0,0.507146920416
0.0,0.508743991153
1.0,0.476233982632
1.0,0.529254358499
0.0,0.523139056391
1.0,0.532392672283
1.0,0.526221767509
1.0,0.525046203932
1.0,0.474948678907
0.0,0.524120061476
0.0,0.482561048036
1.0,0.479260564305
1.0,0.459970071244
0.0,0.509796221524
0.0,0.507973458669
0.0,0.514664575091
0.0,0.500961022753
1.0,0.513043747888
1.0,0.471003368432
1.0,0.473579305964
1.0,0.513810044589
0.0,0.502185767239
0.0,0.504504538786
1.0,0.464254109961
0.0,0.509267259712
0.0,0.501760534565
0.0,0.5109584319
1.0,0.514069415741
1.0,0.544978910411
1.0,0.512880039806
1.0,0.500962736762
0.0,0.493376151796
1.0,0.508699831279
0.0,0.506450836514
1.0,0.513367180616
1.0,0.528271514732
0.0,0.518619500067
1.0,0.502633157985
0.0,0.533052928567
0.0,0.508678798156
0.0,0.512036962281
1.0,0.518758088719
1.0,0.546536357936
0.0,0.542155751773
1.0,0.485735238839
1.0,0.52270505304
1.0,0.498509013356
1.0,0.517040702131
1.0,0.465806981109
1.0,0.500918403378
1.0,0.4769105503
1.0,0.538075899194
0.0,0.462400603775
0.0,0.527758330354
0.0,0.49203365624
1.0,0.52952536756
1.0,0.485671784639
0.0,0.521078415918
1.0,0.514016994757
0.0,0.508574495257
1.0,0.516119763998
1.0,0.502447541647
1.0,0.514770505205
1.0,0.450386391347
0.0,0.506931204731
1.0,0.526162612707
1.0,0.465890404085
0.0,0.479714734858
0.0,0.456307167366
0.0,0.518130189847
0.0,0.520345778692
1.0,0.514506047013
0.0,0.511748037506
1.0,0.52798722293
0.0,0.512867919196
1.0,0.505605505877
1.0,0.528607331516
1.0,0.508741953671
1.0,0.51538495424
1.0,0.495883209273
0.0,0.538959861189
0.0,0.530036551655
0.0,0.397989626871
0.0,0.497513297129
0.0,0.528477566353
1.0,0.512219315141
1.0,0.508492899874
0.0,0.510292515982
1.0,0.525920633795
1.0,0.49711435829
1.0,0.516334095166
0.0,0.508972669502
1.0,0.493501745162
1.0,0.432108575654
1.0,0.538123244766
1.0,0.507514032585
1.0,0.511193444434
1.0,0.51822784642
0.0,0.494034005475
0.0,0.519588695368
1.0,0.493535939346
0.0,0.519555166493
1.0,0.513559851026
0.0,0.499434573974
1.0,0.508070694061
1.0,0.508638476111
0.0,0.488161240022
1.0,0.509839289787
1.0,0.486165909217
0.0,0.520792701199
0.0,0.511218697899
1.0,0.524027683864
0.0,0.495046581535
1.0,0.493526257545
0.0,0.507630071096
0.0,0.524540385071
1.0,0.532455107004
1.0,0.497523078716
0.0,0.476729704512
0.0,0.507511330671
0.0,0.457868501772
1.0,0.51805140698
1.0,0.52290546813
1.0,0.521246120202
1.0,0.519987039215
1.0,0.519919490985
1.0,0.542151882328
1.0,0.520839216821
1.0,0.526259765543
0.0,0.514052719312
1.0,0.517121517497
1.0,0.510132159832
1.0,0.519409767326
0.0,0.517832336402
1.0,0.510128436652
0.0,0.485461142027
1.0,0.525518150123
1.0,0.522154443746
0.0,0.517797550713
1.0,0.470090315849
0.0,0.520984324487
1.0,0.498068853362
0.0,0.508968740525
0.0,0.520114000481
0.0,0.516341332037
0.0,0.507191689487
0.0,0.524981181151
0.0,0.508595821489
0.0,0.490793876908
1.0,0.517883578089
1.0,0.518045203924
0.0,0.520925980484
1.0,0.512961355448
1.0,0.49755406355
0.0,0.489980846565
1.0,0.481472105656
0.0,0.523883923038
1.0,0.509017059178
0.0,0.463753341872
1.0,0.512047057646
1.0,0.473403772806
0.0,0.500709666734
1.0,0.498738365471
1.0,0.480103363176
1.0,0.493307220291
1.0,0.5139444157
0.0,0.523608472432
1.0,0.471927957923
1.0,0.514411290006
0.0,0.510470769102
0.0,0.494545180511
0.0,0.499391020663
0.0,0.492165520119
1.0,0.515753872089
1.0,0.50144525072
1.0,0.514618617611
0.0,0.491732270131
0.0,0.499759741082
0.0,0.519380562123
0.0,0.507814020946
1.0,0.504551751811
0.0,0.516484030099
0.0,0.514652132735
0.0,0.490303135435
1.0,0.486699406793
0.0,0.530852798596
0.0,0.447240216337
0.0,0.5114511976
1.0,0.522258532679
1.0,0.530542432936
0.0,0.499153895647
1.0,0.52072782361
0.0,0.526704923732
0.0,0.524049878912
0.0,0.514284562865
1.0,0.518153803149
0.0,0.508846257481
0.0,0.523230324837
0.0,0.486000678352
1.0,0.531231588708
0.0,0.544024047263
1.0,0.52069955216
1.0,0.501182921002
1.0,0.48453346029
1.0,0.471162403192
0.0,0.480372872572
1.0,0.403512774363
0.0,0.511550972377
0.0,0.469477340144
1.0,0.511402655105
0.0,0.504034887192
1.0,0.511172649255
1.0,0.514030396119
0.0,0.497607689104
1.0,0.504440804975
0.0,0.530278450154
0.0,0.517034085851
0.0,0.510095746887
0.0,0.515542395884
1.0,0.47447436907
0.0,0.50107017741
0.0,0.448815430881
0.0,0.458173937852
0.0,0.527299384154
0.0,0.531713648174
1.0,0.522933634031
0.0,0.505282576261
0.0,0.514225247439
1.0,0.509261780612
1.0,0.492185986548
0.0,0.514975162753
1.0,0.504706673334
0.0,0.435276101035
1.0,0.542945211166
1.0,0.507022637907
0.0,0.526517180892
0.0,0.460362005671
1.0,0.513355927486
0.0,0.53580792932
0.0,0.50800647363
1.0,0.496835754564
0.0,0.49515309481
0.0,0.524170686655
1.0,0.511065037788
0.0,0.536441105758
1.0,0.517307414034
0.0,0.51309621427
0.0,0.456502433478
0.0,0.512290243833
1.0,0.555522281267
0.0,0.510384772177
0.0,0.51794425383
0.0,0.502614035724
0.0,0.530703959599
0.0,0.477232028797
1.0,0.530601541881
0.0,0.509058486486
0.0,0.452036217822
0.0,0.536990067962
0.0,0.507318422897
0.0,0.467419861812
1.0,0.503713746257
0.0,0.499469676033
1.0,0.434833306696
1.0,0.510549346669
1.0,0.505857883766
1.0,0.521262323954
1.0,0.524823008436
0.0,0.500329268029
1.0,0.48444394388
1.0,0.509233134435
0.0,0.474451021651
1.0,0.506219802239
0.0,0.512784805761
0.0,0.512320920903
0.0,0.510393574948
1.0,0.519380519734
0.0,0.492833016337
0.0,0.50401093129
1.0,0.449254233936
1.0,0.459893828304
1.0,0.499513390838
0.0,0.466319962042
1.0,0.512331728088
0.0,0.525279368839
0.0,0.514326400569
0.0,0.506875350853
1.0,0.505920111093
0.0,0.510711988322
1.0,0.501303605241
1.0,0.507378684964
1.0,0.494893278229
0.0,0.512867579203
1.0,0.526369000527
0.0,0.520952534212
0.0,0.509123034028
1.0,0.462226336105
1.0,0.5238690376
0.0,0.499520048453
1.0,0.536358585799
0.0,0.533531524094
1.0,0.524771883158
1.0,0.47789285352
1.0,0.44729879473
1.0,0.469142671981
1.0,0.515360470078
1.0,0.522719375707
0.0,0.447390764211
0.0,0.504450372385
1.0,0.502455643718
0.0,0.488021790009
1.0,0.526214898611
0.0,0.532190137329
1.0,0.454362157651
0.0,0.485300982597
1.0,0.528891251014
0.0,0.508795310146
0.0,0.510568222901
0.0,0.488607491703
1.0,0.52566176951
1.0,0.507555387416
0.0,0.524409377684
1.0,0.512479480714
1.0,0.407607563943
0.0,0.522386627642
1.0,0.508801999921
0.0,0.504328744822
1.0,0.524255288248
1.0,0.497483862623
0.0,0.521278957743
1.0,0.513970494686
1.0,0.516387055839
0.0,0.508648317623
1.0,0.518752351113
0.0,0.48472207773
0.0,0.500124219432
0.0,0.495202980159
1.0,0.487482218826
0.0,0.533247094521
1.0,0.516791456794
0.0,0.503104768702
1.0,0.504252678693
1.0,0.53165120526
0.0,0.490875739218
1.0,0.540374614385
0.0,0.532664004113
1.0,0.510330055529
1.0,0.503187946601
1.0,0.491288775603
1.0,0.518220992095
1.0,0.510942681822
1.0,0.537322286188
0.0,0.479747818627
1.0,0.502131643334
1.0,0.48973424927
1.0,0.439821623619
0.0,0.483898068708
0.0,0.505882102592
1.0,0.492732463324
1.0,0.496316500033
1.0,0.50776563103
1.0,0.505105680301
0.0,0.547670848719
0.0,0.516515971362
0.0,0.469510847094
0.0,0.502301136333
0.0,0.519701412496
1.0,0.51012650364
0.0,0.508500473728
1.0,0.519083500804
1.0,0.520216462501
0.0,0.519587085948
1.0,0.517744475962
1.0,0.498251270249
0.0,0.521119907621
0.0,0.459686701211
1.0,0.473833616644
0.0,0.525260721701
1.0,0.517974213131
0.0,0.514330371697
1.0,0.492930411782
0.0,0.502885060846
1.0,0.516505905359
1.0,0.520518230409
1.0,0.486596988798
0.0,0.441377958552
1.0,0.478289094028
0.0,0.499099394995
0.0,0.515263241315
1.0,0.532905989681
1.0,0.512015028335
1.0,0.522069457545
0.0,0.493431106433
0.0,0.496211779411
0.0,0.499506021494
0.0,0.508878728656
0.0,0.490841387758
0.0,0.51359210381
0.0,0.504825597487
0.0,0.499211976343
1.0,0.507479775875
0.0,0.506034029933
0.0,0.517858486841
1.0,0.538121562535
0.0,0.479381478667
0.0,0.504675912868
1.0,0.462671473681
0.0,0.420853196617
1.0,0.534618728593
1.0,0.455595991054
1.0,0.525553653935
0.0,0.487441624399
1.0,0.479604165346
1.0,0.512022635094
0.0,0.491965652004
1.0,0.517397267962
0.0,0.511430544226
1.0,0.489351464249
0.0,0.490772502124
1.0,0.515908127765
1.0,0.511396144135
1.0,0.509923195678
0.0,0.466262150762
0.0,0.527574423273
0.0,0.490702218475
1.0,0.520152806802
0.0,0.541420552441
0.0,0.522767728797
0.0,0.504737122816
0.0,0.497079371248
0.0,0.520052922464
0.0,0.50850053336
0.0,0.513780869416
1.0,0.505510259531
1.0,0.502958310753
0.0,0.473916131917
1.0,0.525531820335
0.0,0.510376968639
0.0,0.527779229333
0.0,0.531753666185
1.0,0.499125625367
0.0,0.514796218876
1.0,0.530741757736
1.0,0.513763818493
0.0,0.480556633354
0.0,0.527512590695
0.0,0.526231211455
0.0,0.50476774904
0.0,0.504944273922
1.0,0.504029272364
1.0,0.513114411555
0.0,0.451169945286
1.0,0.510448547378
1.0,0.488654032876
1.0,0.517267754658
1.0,0.491607806657
1.0,0.505955482387
0.0,0.521054864678
0.0,0.5137998541
1.0,0.510274683424
1.0,0.475819207039
1.0,0.527519046171
0.0,0.516562867174
1.0,0.502910501093
0.0,0.517394808316
0.0,0.479697127975
0.0,0.519991073574
0.0,0.456767279021
1.0,0.520939578432
1.0,0.517200947712
0.0,0.502790885557
0.0,0.504230712366
0.0,0.489608669736
0.0,0.46785987171
1.0,0.512615446855
0.0,0.50374399404
0.0,0.51049480502
0.0,0.4546176805
1.0,0.499279617271
0.0,0.50593789365
0.0,0.516546771346
0.0,0.525735181316
0.0,0.462509917055
0.0,0.521953551196
1.0,0.505116963744
0.0,0.470932717863
1.0,0.517117023322
0.0,0.509859729961
1.0,0.479130472246
1.0,0.487480769695
1.0,0.46393477395
0.0,0.523737836406
1.0,0.496273159846
1.0,0.509900048054
1.0,0.503750790165
1.0,0.496754235073
1.0,0.51229189399
1.0,0.506624494383
1.0,0.485064198796
0.0,0.527686416814
0.0,0.508860818553
1.0,0.500967067594
1.0,0.513993170409
0.0,0.507310741578
1.0,0.506725965623
0.0,0.513688639664
0.0,0.503893037242
0.0,0.515118641519
1.0,0.514396345705
1.0,0.435465974056
1.0,0.523723904104
0.0,0.476165879915
1.0,0.50509843773
1.0,0.508366653928
1.0,0.521699830921
1.0,0.512578528467
0.0,0.515246863814
0.0,0.521340667195
0.0,0.504348772939
1.0,0.472945238017
0.0,0.486098286094
1.0,0.4780710115
0.0,0.55548537228
1.0,0.510795233149
1.0,0.453237686057
0.0,0.510544537119
0.0,0.530416670525
1.0,0.509249299455
1.0,0.517315513115
0.0,0.52331690713
0.0,0.532219059708
1.0,0.482126488581
1.0,0.484541434921
0.0,0.501472921708
0.0,0.504684621164
1.0,0.517455753184
0.0,0.516914090632
1.0,0.528879019108
0.0,0.489356414689
1.0,0.47354475808
1.0,0.514715185442
0.0,0.504662941837
1.0,0.519838539657
0.0,0.514555330031
0.0,0.500551869058
0.0,0.4876375782
1.0,0.508532504131
1.0,0.53500105347
0.0,0.506037739788
0.0,0.49968921043
0.0,0.506230687906
1.0,0.50590436751
1.0,0.432177690353
1.0,0.523022059371
1.0,0.513979689453
0.0,0.519275795891
1.0,0.503342422008
0.0,0.476013962208
0.0,0.498799198543
1.0,0.503542977747
1.0,0.462828809446
0.0,0.503358079082
0.0,0.515097253071
1.0,0.502463058221
0.0,0.516950947093
1.0,0.506023884256
1.0,0.516875215571
1.0,0.467839776097
1.0,0.491820741279
1.0,0.521392176532
0.0,0.52129198899
1.0,0.510759500273
0.0,0.513611874757
0.0,0.522036729086
1.0,0.53048992857
0.0,0.466118964876
1.0,0.508681975844
1.0,0.511898284895
0.0,0.513192050581
0.0,0.519127661187
0.0,0.524642412024
0.0,0.527015736601
1.0,0.434041413311
0.0,0.507706157697
0.0,0.50210552964
1.0,0.52374352977
0.0,0.444081826824
0.0,0.494719972387
0.0,0.526435374625
0.0,0.519701586351
1.0,0.500709503032
1.0,0.524389218168
0.0,0.47042251899
1.0,0.512119451732
0.0,0.512084685184
0.0,0.506956390468
0.0,0.499815460604
0.0,0.529951535789
1.0,0.462459109882
0.0,0.463221292801
0.0,0.507124696232
0.0,0.507285588075
0.0,0.482837185279
1.0,0.528378539351
1.0,0.473961225218
0.0,0.527906016237
1.0,0.520070809672
1.0,0.501241550524
1.0,0.48692513632
0.0,0.472428272014
1.0,0.510893830068
1.0,0.53886972887
1.0,0.520175041745
0.0,0.480422648598
0.0,0.51238078567
1.0,0.443750653227
0.0,0.483922777174
1.0,0.492180793222
1.0,0.520347342436
1.0,0.509379314826
0.0,0.547898674823
1.0,0.479791918615
1.0,0.495152385857
0.0,0.512690580011
0.0,0.511521484491
1.0,0.526741705366
0.0,0.517132088509
0.0,0.512780136209
0.0,0.521561918898
0.0,0.521482422914
0.0,0.518904957916
1.0,0.50984446832
0.0,0.498187303817
1.0,0.510363614115
0.0,0.476598603885
1.0,0.51656674977
1.0,0.522778586087
0.0,0.504212934245
1.0,0.529497221497
0.0,0.448835494036
1.0,0.517828938811
1.0,0.502208111171
0.0,0.502234523221
0.0,0.498335529917
1.0,0.487912010189
1.0,0.481716985795
1.0,0.506765001781
1.0,0.446333650961
0.0,0.513105815996
0.0,0.50140382431
1.0,0.508545354041
1.0,0.50625820917
1.0,0.532252016436
1.0,0.4489076699
1.0,0.486443074928
0.0,0.517307007387
1.0,0.516267357237
1.0,0.511849943153
1.0,0.493275910504
1.0,0.467444536512
1.0,0.477218885356
0.0,0.54001989524
0.0,0.519770722504
0.0,0.455695562158
1.0,0.529806144258
0.0,0.515794303068
1.0,0.512290398881
0.0,0.425033869327
1.0,0.505954052763
0.0,0.489478443627
0.0,0.504474515172
0.0,0.498027548555
0.0,0.525570112335
1.0,0.514762465277
0.0,0.506486752705
1.0,0.509111576693
1.0,0.529098652004
1.0,0.490970075829
1.0,0.499437641985
0.0,0.477786399277
0.0,0.491881039838
1.0,0.504077711955
1.0,0.501777770041
1.0,0.51249777073
1.0,0.507942284366
0.0,0.528030382545
1.0,0.51100087701
0.0,0.514397763548
1.0,0.481432472421
0.0,0.513211376702
0.0,0.507686672926
1.0,0.524102001558
1.0,0.519577608813
1.0,0.516972472162
0.0,0.506736490958
0.0,0.50237456083
1.0,0.508954544583
0.0,0.523317844126
0.0,0.510108646621
0.0,0.5190416499
0.0,0.518611257234
1.0,0.529158961616
1.0,0.48889755778
1.0,0.501423588472
1.0,0.478491173861
0.0,0.530202545762
0.0,0.52002538732
0.0,0.499849054408
1.0,0.473697989257
1.0,0.517173532823
0.0,0.507780027597
1.0,0.501399064607
0.0,0.435238842357
0.0,0.496660076851
1.0,0.505916432739
1.0,0.550763283355
1.0,0.503073650866
1.0,0.478203872176
0.0,0.518687273197
1.0,0.505670936437
0.0,0.491683508708
0.0,0.539763713142
0.0,0.456990441754
1.0,0.491999406721
1.0,0.534997921913
1.0,0.522457480542
1.0,0.484949969851
0.0,0.491327131708
0.0,0.513551716443
1.0,0.482846661827
1.0,0.469716246741
0.0,0.538468916662
0.0,0.531952984599
0.0,0.516012740651
1.0,0.444455704416
0.0,0.530131250213
0.0,0.514370466489
0.0,0.519566172021
1.0,0.523676720135
1.0,0.510689484807
1.0,0.531322861205
1.0,0.51474368241
0.0,0.499569521453
0.0,0.524343537769
0.0,0.480508751755
1.0,0.472715102597
1.0,0.460927878379
1.0,0.517465362448
1.0,0.521069245121
1.0,0.482375556855
1.0,0.515582724065
1.0,0.500246304252
0.0,0.517639193485
0.0,0.480807888161
0.0,0.515270398928
0.0,0.468810500731
0.0,0.508148285981
0.0,0.500694095245
0.0,0.507483297277
0.0,0.512250500044
0.0,0.508642578637
1.0,0.443858112566
0.0,0.495399145663
1.0,0.530971161405
0.0,0.463066169387
1.0,0.50749657214
0.0,0.514644502804
0.0,0.531158928643
0.0,0.50263339318
1.0,0.521645408254
1.0,0.511979427487
0.0,0.512684472996
1.0,0.506965837002
1.0,0.541515335427
0.0,0.50811117508
1.0,0.50900356523
0.0,0.475637014395
0.0,0.483925725239
0.0,0.491072336927
0.0,0.530813262963
0.0,0.507424525484
0.0,0.522181699752
0.0,0.493605420702
1.0,0.48791578292
0.0,0.46158855978
1.0,0.495022488949
0.0,0.508468046952
1.0,0.529205029142
1.0,0.527058974313
0.0,0.522930565342
0.0,0.488079908553
1.0,0.516014739617
1.0,0.527323701115
0.0,0.507312933929
0.0,0.513767913464
1.0,0.515140147857
1.0,0.528746121141
1.0,0.498661814097
1.0,0.51626028668
0.0,0.512446848972
1.0,0.486156607163
0.0,0.520672824013
0.0,0.472400871946
1.0,0.506498118821
1.0,0.522220763015
1.0,0.519348993216
1.0,0.508940624535
0.0,0.518740903705
1.0,0.528886913419
0.0,0.489322821959
0.0,0.538954271129
0.0,0.484230072464
0.0,0.479392687193
0.0,0.460089964101
0.0,0.51346578786
0.0,0.513852031716
0.0,0.500705424654
0.0,0.51400220811
1.0,0.477801111774
1.0,0.514715021647
1.0,0.543377469731
1.0,0.521408789215
1.0,0.483328812508
0.0,0.510079642185
1.0,0.529263330757
0.0,0.519766782314
1.0,0.417071802718
0.0,0.511855570204
1.0,0.519277467762
0.0,0.452499525895
1.0,0.505289094375
0.0,0.511735374602
1.0,0.507288080676
1.0,0.533575052866
1.0,0.528219838921
1.0,0.528004249845
1.0,0.513044682428
1.0,0.535075276091
0.0,0.498370232544
1.0,0.528386397064
1.0,0.501721575772
1.0,0.506024989832
0.0,0.516970281019
1.0,0.544983191385
0.0,0.516108031847
1.0,0.522943651016
1.0,0.515384759971
0.0,0.511896943236
1.0,0.495527433884
1.0,0.488761409178
1.0,0.515698238456
1.0,0.513800601211
0.0,0.496633636616
0.0,0.514553761379
1.0,0.533217012271
0.0,0.477179541779
0.0,0.506461212562
1.0,0.505191031148
1.0,0.487195513488
0.0,0.506208461909
1.0,0.489687861082
0.0,0.530807847646
1.0,0.542836533588
0.0,0.530849057179
0.0,0.515143372876
0.0,0.534272626195
0.0,0.520939809016
1.0,0.531359372247
1.0,0.479169608667
1.0,0.519174797645
1.0,0.52044899326
1.0,0.510989546232
0.0,0.500104030035
0.0,0.482510247358
1.0,0.50150944845
1.0,0.522375172598
1.0,0.520318725454
1.0,0.497417998673
1.0,0.502805792021
1.0,0.496902511178
1.0,0.519970535729
1.0,0.520005784316
0.0,0.509576944062
1.0,0.478297933632
0.0,0.534331044902
0.0,0.512751723432
1.0,0.508147632798
0.0,0.515620134423
1.0,0.537770824114
1.0,0.494930432562
1.0,0.518193593575
0.0,0.515698353736
0.0,0.517407301162
1.0,0.502846864161
0.0,0.465090794049
1.0,0.476601904756
0.0,0.519628307577
1.0,0.514970179626
0.0,0.509962713373
0.0,0.497451319808
0.0,0.543068846814
1.0,0.51104395057
1.0,0.553797718691
1.0,0.533428453052
1.0,0.484813227804
1.0,0.513816596891
1.0,0.499206503802
1.0,0.557300055612
0.0,0.495354479075
1.0,0.5220856654
1.0,0.517340113088
0.0,0.545093460002
1.0,0.50860803642
0.0,0.548576221839
1.0,0.505325524439
0.0,0.503641393376
0.0,0.510941551887
1.0,0.503426335015
0.0,0.456705430043
0.0,0.478976480984
1.0,0.492250398182
0.0,0.528769115474
1.0,0.50919633845
0.0,0.4486155483
1.0,0.461043551433
0.0,0.510163452259
1.0,0.512694701003
0.0,0.51548543426
1.0,0.468519895103
0.0,0.507921959683
0.0,0.461459265247
1.0,0.530697401719
0.0,0.512733086257
0.0,0.508529638637
1.0,0.508189007725
0.0,0.518158441751
0.0,0.551785410545
1.0,0.530879576904
0.0,0.519295078438
0.0,0.508299372059
1.0,0.507553831304
1.0,0.532231129105
1.0,0.466972538707
0.0,0.517982993619
0.0,0.538080098208
0.0,0.45055614171
0.0,0.514874341168
1.0,0.507699102953
1.0,0.4921477794
1.0,0.527123487767
1.0,0.517887816745
1.0,0.513697365859
1.0,0.525677586643
1.0,0.499894377354
1.0,0.528449353996
1.0,0.503194915154
1.0,0.508735422428
1.0,0.499587474118
0.0,0.496198573193
1.0,0.514844906057
0.0,0.508170614628
1.0,0.529159272704
0.0,0.483261569243
0.0,0.498758412491
0.0,0.507324200269
1.0,0.49012454439
1.0,0.513087635107
0.0,0.522074245897
0.0,0.500664315061
0.0,0.51784672063
0.0,0.450435772781
0.0,0.526357303706
1.0,0.519594009115
1.0,0.496365807099
0.0,0.503812794121
0.0,0.510160609366
0.0,0.512448732037
0.0,0.519132657641
0.0,0.520106201462
0.0,0.512631639777
0.0,0.506188920227
1.0,0.500269415356
0.0,0.535351394152
1.0,0.536222857925
0.0,0.52512387235
0.0,0.518756719316
1.0,0.496158786817
1.0,0.53081267851
0.0,0.507777870246
0.0,0.50998903202
0.0,0.53629015204
0.0,0.500853459587
1.0,0.506981353061
0.0,0.522579029017
0.0,0.48382378209
0.0,0.512069003976
0.0,0.491392301459
0.0,0.520549737219
1.0,0.509400943841
1.0,0.508214895389
0.0,0.503021875398
0.0,0.465332312402
0.0,0.502403547409
0.0,0.508467243529
1.0,0.500781554969
0.0,0.475602374612
0.0,0.504872491684
0.0,0.491812968064
0.0,0.498270467114
0.0,0.502482834043
1.0,0.509062760161
1.0,0.513070619252
1.0,0.504577693546
1.0,0.520265698702
1.0,0.486739305186
1.0,0.537992391968
1.0,0.511148835872
1.0,0.512817982256
1.0,0.477372480521
1.0,0.499044518611
0.0,0.503729364036
0.0,0.519449937682
0.0,0.504727762596
1.0,0.520234245788
0.0,0.5083541584
0.0,0.515824522695
0.0,0.530497550326
0.0,0.518302545474
0.0,0.467609247847
1.0,0.50112375769
1.0,0.482121139825
0.0,0.491456672493
1.0,0.517083494421
1.0,0.475383036945
1.0,0.516374349671
0.0,0.519811040315
0.0,0.511881813681
0.0,0.495045695616
0.0,0.511683692893
1.0,0.496676677084
0.0,0.490842138518
0.0,0.508584886282
0.0,0.512986183108
0.0,0.476665006286
0.0,0.424018954598
0.0,0.517745326526
0.0,0.50099115944
0.0,0.438708139528
1.0,0.518730426633
1.0,0.469680878878
0.0,0.509963319344
1.0,0.502312269259
1.0,0.518222925969
0.0,0.504413054193
0.0,0.495884788735
1.0,0.517835919461
0.0,0.493952391935
1.0,0.546845049791
0.0,0.47778770722
0.0,0.501173526572
1.0,0.520333384777
0.0,0.523177778831
1.0,0.507183284003
0.0,0.47235763528
1.0,0.484679046587
0.0,0.45786052437
0.0,0.509990804606
1.0,0.502508454866
0.0,0.470520688159
1.0,0.503803276569
1.0,0.501088352798
1.0,0.511957603745
0.0,0.481517611431
0.0,0.506064386535
0.0,0.504736993004
1.0,0.511640703395
0.0,0.503431262472
1.0,0.433008834532
0.0,0.470649020968
1.0,0.492575449844
1.0,0.460092159471
0.0,0.505958291526
0.0,0.482506451572
0.0,0.508885408037
0.0,0.470244798228
0.0,0.51701084919
0.0,0.509787326613
1.0,0.508840192153
0.0,0.517363878406
0.0,0.481632882866
0.0,0.520604689862
0.0,0.516861938688
1.0,0.509197032643
1.0,0.490251133574
1.0,0.506133947565
1.0,0.488032755173
0.0,0.538328654621
1.0,0.509615003552
0.0,0.505288403169
1.0,0.530024673113
0.0,0.461387154878
1.0,0.51617484826
1.0,0.524463209083
0.0,0.524446514347
0.0,0.502084462707
0.0,0.509092305233
0.0,0.499385512174
0.0,0.511710334642
0.0,0.465442657227
0.0,0.511881929549
1.0,0.504208408981
1.0,0.518417404707
1.0,0.51417287947
0.0,0.515494797
1.0,0.480909587695
1.0,0.475316926417
1.0,0.503486597116
0.0,0.519276616936
0.0,0.481100114001
1.0,0.526088735047
1.0,0.534167397286
1.0,0.495901301754
1.0,0.457572936959
1.0,0.52460542209
1.0,0.520296545528
0.0,0.479095471462
1.0,0.521036843393
1.0,0.524658227555
1.0,0.504546168178
0.0,0.526777452421
1.0,0.558640546905
0.0,0.510157092363
1.0,0.505664147386
1.0,0.504309486067
0.0,0.523731649125
0.0,0.501481433979
1.0,0.510407285153
0.0,0.48540431411
0.0,0.500982781483
1.0,0.515595889003
0.0,0.480710732937
0.0,0.500107992641
0.0,0.506061485062
0.0,0.514452368773
0.0,0.508617128086
1.0,0.522296355219
0.0,0.505839073372
0.0,0.514782473901
1.0,0.480854495612
0.0,0.5062226869
0.0,0.519428841243
1.0,0.5157425973
0.0,0.515445714031
0.0,0.511358623767
0.0,0.528154304788
1.0,0.506339848469
0.0,0.516412789536
1.0,0.539404416906
0.0,0.493993985617
0.0,0.516993740342
1.0,0.53070778026
1.0,0.471705283694
1.0,0.506204701426
0.0,0.489126168907
1.0,0.513798621957
0.0,0.522953145884
1.0,0.511294576666
1.0,0.489780928766
0.0,0.524893054342
1.0,0.492892684416
0.0,0.511492130121
1.0,0.500117784438
1.0,0.488003537539
1.0,0.49789806166
1.0,0.514589732447
0.0,0.514974684283
0.0,0.518926012094
1.0,0.474310481935
0.0,0.510980793312
0.0,0.505605977755
1.0,0.518144004451
1.0,0.49479349088
1.0,0.503095499704
1.0,0.51512716829
1.0,0.506135416686
0.0,0.508426251069
1.0,0.530652497363
0.0,0.520375524532
0.0,0.49115054151
1.0,0.485706923175
0.0,0.482551907561
1.0,0.535349357619
0.0,0.501502510921
0.0,0.494202021096
0.0,0.50274705143
1.0,0.508678811259
0.0,0.52337425698
1.0,0.51326079481
0.0,0.505399455174
1.0,0.521563288888
0.0,0.512425558444
1.0,0.489831939597
1.0,0.478314713816
0.0,0.535094605068
0.0,0.478298844964
1.0,0.540166966608
1.0,0.507604520267
1.0,0.465841800867
1.0,0.51233183546
1.0,0.521641928
1.0,0.507350169162
0.0,0.494875339896
0.0,0.482731469608
0.0,0.530627102491
0.0,0.508846829106
0.0,0.52238878228
1.0,0.537974687026
0.0,0.500083494116
0.0,0.528000830484
1.0,0.513741890825
0.0,0.511811738458
0.0,0.560715842433
0.0,0.518369569237
1.0,0.49962930025
1.0,0.476867652962
0.0,0.515341253457
1.0,0.542225654223
1.0,0.493275902723
0.0,0.52164575554
0.0,0.521867284724
0.0,0.488207314633
1.0,0.50622547152
1.0,0.506005916774
0.0,0.541476172754
1.0,0.5208848566
1.0,0.513951095121
1.0,0.53238355053
1.0,0.492772916817
0.0,0.51759197608
0.0,0.524766694196
1.0,0.500594257207
1.0,0.5040571344
0.0,0.46955801564
0.0,0.526627608586
0.0,0.480445470871
0.0,0.511491974467
1.0,0.510822609705
0.0,0.49156538405
1.0,0.52665473233
0.0,0.492152338871
1.0,0.511843489352
0.0,0.498723156731
0.0,0.512652131132
0.0,0.525950768699
0.0,0.526407884741
0.0,0.417014222424
0.0,0.501058425257
0.0,0.507355645574
1.0,0.510649267928
0.0,0.498628991927
1.0,0.529513224371
1.0,0.5226339548
0.0,0.461733334785
1.0,0.511453848291
1.0,0.521373907685
1.0,0.523945469899
0.0,0.523688167348
1.0,0.514209629241
0.0,0.50856571897
1.0,0.481990077346
0.0,0.513414806032
1.0,0.532699578623
1.0,0.52928922344
0.0,0.514682662234
0.0,0.461038864196
1.0,0.508913373285
0.0,0.465025175699
1.0,0.488916565951
1.0,0.512277337866
1.0,0.447757048361
0.0,0.468152842849
1.0,0.482307403566
0.0,0.50298915312
0.0,0.504933524802
1.0,0.542535705509
0.0,0.498513279729
1.0,0.508370538534
0.0,0.479376950283
0.0,0.433639206981
1.0,0.516202475516
0.0,0.48642178675
0.0,0.506539722026
0.0,0.513627020016
0.0,0.525922240944
1.0,0.418869987927
1.0,0.463616951745
0.0,0.484368952555
0.0,0.51498745273
0.0,0.508870112156
1.0,0.525501244777
0.0,0.504505734697
1.0,0.523060089561
1.0,0.511204775225
1.0,0.492158942344
0.0,0.484049419235
0.0,0.542940248839
0.0,0.48312340619
1.0,0.520346244181
0.0,0.504394406915
1.0,0.509886941426
0.0,0.463217986961
1.0,0.521283357501
1.0,0.524526050508
1.0,0.519467744192
0.0,0.48869551224
0.0,0.543483426788
1.0,0.497946922515
0.0,0.519859646038
0.0,0.52757649291
0.0,0.497726259803
0.0,0.513980159076
1.0,0.518149566156
0.0,0.47830400676
1.0,0.481714834057
1.0,0.496381793452
1.0,0.518309419018
0.0,0.490090565201
1.0,0.47733363967
1.0,0.447814946476
1.0,0.489679846888
1.0,0.506549088525
1.0,0.519694343671
0.0,0.525520944809
1.0,0.507045206951
1.0,0.52817209093
0.0,0.490416947154
0.0,0.528850771123
0.0,0.506474551655
0.0,0.498175862616
0.0,0.512231654463
1.0,0.519212754976
0.0,0.45361822962
1.0,0.512013875904
1.0,0.494251689196
1.0,0.515141676918
1.0,0.510751897666
1.0,0.512704831048
1.0,0.487228383183
1.0,0.434931479615
1.0,0.533289662628
1.0,0.514528705579
1.0,0.522019484925
0.0,0.512419029403
1.0,0.414461709769
1.0,0.511530740071
1.0,0.524056077586
1.0,0.499250833353
0.0,0.515511259217
0.0,0.492412799618
1.0,0.499003687613
1.0,0.51835421442
0.0,0.513514304769
0.0,0.466142157252
1.0,0.521835151697
0.0,0.525824528365
0.0,0.465431603911
1.0,0.480995685542
1.0,0.503489714799
0.0,0.511284453577
1.0,0.467863605783
0.0,0.48772611074
0.0,0.516503207783
1.0,0.501491508879
0.0,0.542733493894
1.0,0.504742295239
1.0,0.51880562682
1.0,0.52009501999
1.0,0.51808613095
0.0,0.519200554553
0.0,0.519459664778
0.0,0.52926357199
1.0,0.520024796043
1.0,0.532935788387
0.0,0.473753932965
1.0,0.514863500607
0.0,0.533722991427
0.0,0.509631888447
0.0,0.501967636432
0.0,0.510170223048
1.0,0.498642746704
0.0,0.498506839748
1.0,0.505234640184
1.0,0.517499514214
1.0,0.51133055678
1.0,0.512033059914
0.0,0.512515882705
0.0,0.538177209558
0.0,0.506684985146
0.0,0.526563230267
1.0,0.500813935564
1.0,0.506158688192
1.0,0.469347761298
0.0,0.525746095126
0.0,0.534747545265
0.0,0.514801191394
0.0,0.482906362076
1.0,0.520209915127
0.0,0.504045958976
0.0,0.522918891284
0.0,0.50298859297
1.0,0.490909883177
0.0,0.483397733448
0.0,0.511696688502
0.0,0.50652989728
1.0,0.514419791287
0.0,0.511997514672
1.0,0.563522498093
0.0,0.509519476562
0.0,0.52002922608
0.0,0.507185885815
1.0,0.490606096115
0.0,0.519736823704
1.0,0.50516112823
1.0,0.535627184091
1.0,0.496177497347
0.0,0.483764713192
0.0,0.522294879884
0.0,0.514720274339
0.0,0.490304243454
0.0,0.486001134921
1.0,0.516158388324
0.0,0.488010252045
0.0,0.481806758841
0.0,0.52366629851
0.0,0.514995547213
0.0,0.516305523279
1.0,0.456689727586
0.0,0.454219242823
1.0,0.506068804306
0.0,0.508361338847
1.0,0.506100431623
1.0,0.519331448464
1.0,0.496910890564
1.0,0.508139248163
1.0,0.490843947548
1.0,0.498808444408
0.0,0.52095450896
0.0,0.527743157817
0.0,0.494747476273
1.0,0.521982721723
1.0,0.516925447592
0.0,0.47521748202
1.0,0.500545685511
0.0,0.55917487021
0.0,0.532399450772
0.0,0.454835620348
0.0,0.430391818899
1.0,0.504188736338
0.0,0.505588697381
0.0,0.487436076432
1.0,0.529242207028
1.0,0.505888986346
1.0,0.504079619864
1.0,0.523094653127
0.0,0.491739819704
0.0,0.466567493839
1.0,0.51501058212
0.0,0.525376737093
1.0,0.518905310766
0.0,0.51102792643
1.0,0.49853626979
0.0,0.510880163026
0.0,0.446438917179
1.0,0.50177805701
0.0,0.472523822489
0.0,0.459497459774
1.0,0.508768783134
1.0,0.506601699457
1.0,0.528687065918
1.0,0.522561576491
0.0,0.51811463425
0.0,0.504574405104
1.0,0.492222502349
1.0,0.508688885201
1.0,0.518675917881
1.0,0.52722025008
0.0,0.449183397353
1.0,0.473570047031
0.0,0.503991317066
1.0,0.520193696724
0.0,0.482301615562
1.0,0.518423084798
0.0,0.424658493511
0.0,0.501572411161
0.0,0.506589089763
0.0,0.508987639243
0.0,0.496722671231
1.0,0.51080104949
1.0,0.523731761799
0.0,0.481830950908
1.0,0.509281818477
0.0,0.534361506341
1.0,0.500818200211
1.0,0.466879413285
0.0,0.512418079627
1.0,0.519352098737
0.0,0.524478162877
1.0,0.519893158434
0.0,0.513437004314
0.0,0.520819876708
1.0,0.490280583118
1.0,0.504028627152
0.0,0.495488770056
1.0,0.480396150397
1.0,0.514462430907
1.0,0.527076651709
1.0,0.522813310495
1.0,0.502357568699
1.0,0.495095377595
1.0,0.521124072633
1.0,0.519674014945
1.0,0.518930168037
0.0,0.476415308091
1.0,0.513260326741
0.0,0.502625511231
0.0,0.514010209361
0.0,0.500891562287
1.0,0.544857168236
0.0,0.50455886828
0.0,0.540335998527
0.0,0.4888200971
1.0,0.50277938497
1.0,0.48976076904
0.0,0.551546523079
0.0,0.511843812165
0.0,0.506811558211
0.0,0.52544078737
1.0,0.45509743742
1.0,0.520590000307
1.0,0.508295759554
1.0,0.503751708631
0.0,0.442885942784
0.0,0.53370861286
0.0,0.517606210099
1.0,0.480130733035
1.0,0.484553143828
0.0,0.487019637037
0.0,0.486520802091
0.0,0.47101855992
0.0,0.51410539587
1.0,0.50575035758
1.0,0.504098368662
0.0,0.51549962197
1.0,0.493348099878
1.0,0.511258497307
0.0,0.505639763166
0.0,0.502800148527
0.0,0.512451781308
0.0,0.412062179835
0.0,0.529722918352
0.0,0.515721708352
0.0,0.476011103161
1.0,0.520910730644
1.0,0.515372425115
0.0,0.51638060902
1.0,0.508339319601
0.0,0.513433260777
0.0,0.50230488601
1.0,0.520819600105
1.0,0.529497377856
0.0,0.484634768474
1.0,0.510992322264
0.0,0.507144329845
1.0,0.517135133911
1.0,0.504892715281
0.0,0.498714591111
1.0,0.459403751719
0.0,0.523935407837
0.0,0.511550906325
0.0,0.505541918184
1.0,0.499384969981
1.0,0.536289478138
1.0,0.45440362846
1.0,0.514254516608
1.0,0.487934848164
0.0,0.523096270171
0.0,0.511534041399
0.0,0.507782098791
1.0,0.511309290059
0.0,0.490834008628
0.0,0.530805064524
0.0,0.439582275563
0.0,0.510640621259
0.0,0.519156199551
0.0,0.466062502899
0.0,0.53673808145
1.0,0.524712297652
0.0,0.462540122149
0.0,0.456963531938
0.0,0.484222618051
1.0,0.501450252827
1.0,0.503717969099
0.0,0.503476246993
0.0,0.475067830979
0.0,0.4623495048
1.0,0.506961665335
1.0,0.535076539131
1.0,0.498999251755
0.0,0.51218505194
0.0,0.519547107462
0.0,0.485194073936
0.0,0.514473332643
0.0,0.47655637332
0.0,0.486712470582
0.0,0.492475914992
0.0,0.497129802446
0.0,0.492877008277
0.0,0.515654695855
1.0,0.484477198943
0.0,0.470806396468
0.0,0.522129875976
0.0,0.506829285225
1.0,0.516875747157
1.0,0.520769243007
0.0,0.558315910339
0.0,0.485162513097
1.0,0.479941393542
1.0,0.492615286174
1.0,0.505698766509
1.0,0.513439995497
0.0,0.495788583188
1.0,0.526577024126
0.0,0.492850668687
1.0,0.52471900086
1.0,0.511800592351
0.0,0.49695479669
1.0,0.543175858696
0.0,0.506166683157
1.0,0.509221432455
1.0,0.51821358571
1.0,0.501192655437
0.0,0.52530717056
1.0,0.495302936319
0.0,0.506304946455
1.0,0.486450573388
0.0,0.519707389873
0.0,0.50575028939
0.0,0.516101741406
0.0,0.489045866839
1.0,0.533465201677
1.0,0.506357550871
0.0,0.485830933376
0.0,0.502289182469
1.0,0.499003077487
0.0,0.503526205934
0.0,0.516331697985
1.0,0.52857602533
0.0,0.533583967014
0.0,0.471153699868
1.0,0.516102535067
1.0,0.516566900707
1.0,0.503789360668
1.0,0.524459944649
0.0,0.506745120091
1.0,0.515420656894
1.0,0.509899522241
1.0,0.511957554644
0.0,0.514861884179
1.0,0.519787573176
1.0,0.530284549597
0.0,0.507937498436
0.0,0.504103644661
1.0,0.535868995276
0.0,0.488565929391
0.0,0.519904769402
0.0,0.430545026646
1.0,0.522756374661
0.0,0.511222498362
1.0,0.486775439023
1.0,0.527867843154
0.0,0.531151998365
0.0,0.499601105793
0.0,0.50214113148
1.0,0.50149148283
1.0,0.516414387983
0.0,0.471350533157
1.0,0.494196945
1.0,0.495527874293
1.0,0.504915491594
0.0,0.504729006807
1.0,0.51808517269
1.0,0.486257354295
1.0,0.514120477213
0.0,0.502736426282
0.0,0.511736040321
0.0,0.531098356873
1.0,0.504666909996
0.0,0.536033682963
0.0,0.518814552579
1.0,0.516031376766
0.0,0.520662165977
1.0,0.508107031734
1.0,0.494268239993
1.0,0.484432413873
1.0,0.492765127318
1.0,0.467954222897
0.0,0.559739772266
0.0,0.448150777598
0.0,0.539228477857
0.0,0.516791242223
0.0,0.497091680461
0.0,0.526235112238
1.0,0.49828722645
1.0,0.515734032786
0.0,0.507776102493
0.0,0.487113722361
0.0,0.51344694368
0.0,0.471760877205
1.0,0.509105514546
0.0,0.468150118404
0.0,0.477335640406
0.0,0.509267896476
0.0,0.534746550219
1.0,0.483466280477
0.0,0.52824092249
1.0,0.535617228528
1.0,0.468562710095
1.0,0.512724786097
1.0,0.515769780347
1.0,0.478685145646
0.0,0.53639817875
1.0,0.504732807599
1.0,0.445499920602
0.0,0.483686170785
0.0,0.440999334796
0.0,0.489641790408
0.0,0.513895521778
1.0,0.511482777996
0.0,0.528985004228
1.0,0.4584882609
1.0,0.467739671092
0.0,0.502787555664
1.0,0.521282551013
0.0,0.496828009562
1.0,0.492784039844
1.0,0.510416179948
1.0,0.536056707771
1.0,0.442063093431
0.0,0.514651651996
1.0,0.528535665382
0.0,0.495238863513
1.0,0.520434736622
0.0,0.506713412226
0.0,0.519852000665
0.0,0.513313930929
1.0,0.379951620187
1.0,0.502992917926
1.0,0.49802876507
1.0,0.512890595674
0.0,0.540538334712
0.0,0.503560985565
1.0,0.525815594361
1.0,0.512702708106
0.0,0.478967935705
0.0,0.471797683947
1.0,0.524954571281
0.0,0.472999499233
0.0,0.507009534947
0.0,0.510941919991
1.0,0.510473645424
1.0,0.514460459434
0.0,0.525708345582
1.0,0.51687842331
1.0,0.45986544384
0.0,0.519965167478
1.0,0.454587992423
1.0,0.528532370411
0.0,0.495187136513
1.0,0.478194952717
1.0,0.520445585468
1.0,0.513887247697
0.0,0.517197890656
1.0,0.507153780133
0.0,0.476902963326
0.0,0.475428054629
1.0,0.427613759625
1.0,0.512374687752
1.0,0.510627005276
0.0,0.478210700979
1.0,0.524964496945
0.0,0.510714516928
0.0,0.522512280822
1.0,0.518156757662
0.0,0.470931375748
1.0,0.473232261072
1.0,0.493846575465
1.0,0.48469249872
0.0,0.508670387612
0.0,0.504803365502
0.0,0.526501943048
0.0,0.486301753037
1.0,0.554314199823
1.0,0.510387749606
0.0,0.530170873392
1.0,0.508732946341
1.0,0.51966258726
0.0,0.458722673006
0.0,0.511330864455
1.0,0.527721291073
1.0,0.52047950593
0.0,0.489666531441
0.0,0.43914689815
0.0,0.500350374893
1.0,0.523208259475
0.0,0.525618392657
0.0,0.503949353848
1.0,0.465312054641
0.0,0.488156007112
0.0,0.511583019027
1.0,0.462190341336
1.0,0.516145098235
1.0,0.465871815099
0.0,0.515857387076
0.0,0.494211386905
1.0,0.513909608075
0.0,0.513963519326
0.0,0.50596804222
0.0,0.503616106888
0.0,0.49135307955
0.0,0.52292324339
1.0,0.49121018541
1.0,0.523036691648
0.0,0.520787476081
0.0,0.504512578116
1.0,0.445125034001
1.0,0.530096863397
0.0,0.519279086634
0.0,0.514768521433
0.0,0.511702872365
1.0,0.525305964904
0.0,0.494777963147
1.0,0.528257975419
0.0,0.517017746659
1.0,0.487695841263
1.0,0.506440400588
0.0,0.513956192147
1.0,0.527932312327
1.0,0.524483398853
0.0,0.499355022583
0.0,0.508005818123
0.0,0.425493744429
1.0,0.501336669316
0.0,0.523606347289
0.0,0.528673448312
0.0,0.509790846683
0.0,0.517728929282
0.0,0.494674086848
0.0,0.515299368114
0.0,0.521964861099
1.0,0.48878995367
1.0,0.526802147622
1.0,0.492792299088
1.0,0.508696308561
0.0,0.503009525013
1.0,0.506898588867
0.0,0.512980565608
1.0,0.522081114104
0.0,0.493935618589
1.0,0.520656912266
1.0,0.522304303046
1.0,0.514871641805
0.0,0.464900979003
1.0,0.501237498393
0.0,0.526863181061
0.0,0.518580626717
1.0,0.503891844662
1.0,0.510663642896
0.0,0.524957435577
0.0,0.502210912703
1.0,0.514443601732
0.0,0.504022288446
0.0,0.519245519287
0.0,0.489332151006
0.0,0.486500380178
0.0,0.433457557587
1.0,0.518335834244
1.0,0.522496999621
0.0,0.512350243767
1.0,0.537098342367
0.0,0.529429926771
1.0,0.514644554565
1.0,0.528061515422
0.0,0.509714397044
0.0,0.474448158742
1.0,0.506670256721
0.0,0.514005171092
0.0,0.495563145363
1.0,0.520131839995
1.0,0.54127522889
0.0,0.496787059504
1.0,0.533943345545
0.0,0.521475344256
1.0,0.510019564948
0.0,0.521318076241
0.0,0.482331197516
1.0,0.526854372237
0.0,0.448006275883
1.0,0.503316715176
1.0,0.50880484537
1.0,0.484884119676
0.0,0.516651873756
1.0,0.482317947669
0.0,0.507652927703
1.0,0.447838616328
0.0,0.516505863287
1.0,0.514654272337
0.0,0.505484606769
1.0,0.49991357674
0.0,0.490481326979
1.0,0.514026473559
1.0,0.497714748354
1.0,0.483045800507
0.0,0.499921367182
0.0,0.512279365692
0.0,0.501976723991
1.0,0.517138487732
1.0,0.495758739005
1.0,0.503659615697
1.0,0.507757508055
0.0,0.52137766325
1.0,0.489712297681
1.0,0.486095747551
1.0,0.528027101384
0.0,0.521504304202
0.0,0.502283507319
0.0,0.502576224733
1.0,0.510991873115
1.0,0.520598309719
0.0,0.517333169877
0.0,0.50117086936
0.0,0.521612365842
0.0,0.475001281981
1.0,0.530436689145
1.0,0.495069729245
1.0,0.520545796416
0.0,0.525537771805
1.0,0.525451630298
1.0,0.49163429944
0.0,0.511945630624
0.0,0.488857984764
1.0,0.510161830481
1.0,0.534064172543
0.0,0.513425544559
1.0,0.515531332214
0.0,0.519927444399
1.0,0.512818366282
0.0,0.507694537232
1.0,0.483628725359
1.0,0.522962433083
0.0,0.496201658992
0.0,0.497092606628
1.0,0.513988949973
0.0,0.523901019606
1.0,0.512911015893
1.0,0.523660549322
0.0,0.489848893087
0.0,0.514148277088
0.0,0.5076976781
1.0,0.482131749531
1.0,0.513781215607
0.0,0.482033737926
1.0,0.516986687783
0.0,0.43466017014
0.0,0.493980224999
1.0,0.476559191747
1.0,0.484067587086
0.0,0.485355993862
0.0,0.488201546793
0.0,0.427167331165
0.0,0.416861103662
1.0,0.514845506068
1.0,0.520898505079
0.0,0.490962384798
1.0,0.516436767357
0.0,0.515964882866
1.0,0.510335483824
0.0,0.534257120604
1.0,0.497136206887
0.0,0.469932430648
1.0,0.5020727685
0.0,0.491096780126
1.0,0.488703560373
0.0,0.508503702821
1.0,0.50521017979
1.0,0.509375668394
1.0,0.536024578481
1.0,0.512212460991
0.0,0.520390390428
0.0,0.52644919482
1.0,0.519973569348
1.0,0.496368595478
1.0,0.511065997113
1.0,0.470032130939
1.0,0.510221991943
0.0,0.496114554314
1.0,0.517092097626
1.0,0.542500219797
0.0,0.512141249544
1.0,0.492233613523
1.0,0.520855946002
0.0,0.477138630888
0.0,0.508162968461
0.0,0.514603073894
1.0,0.47553726722
0.0,0.48337182793
0.0,0.520127213041
0.0,0.509859835529
0.0,0.525933570814
0.0,0.545670615162
1.0,0.483468505968
1.0,0.509509427656
0.0,0.515646810923
1.0,0.531450014838
1.0,0.517294992111
0.0,0.520308185038
0.0,0.470927727993
1.0,0.518542605635
1.0,0.475400673207
0.0,0.507151626072
1.0,0.524216983146
1.0,0.461938960147
0.0,0.492261851004
1.0,0.506476590544
1.0,0.470760543671
0.0,0.515682736101
0.0,0.513854014001
0.0,0.488125598563
1.0,0.524495131669
0.0,0.446673578285
1.0,0.522847555027
1.0,0.50611411917
0.0,0.505392510334
1.0,0.486000238189
0.0,0.503204489674
1.0,0.527581825567
0.0,0.501775667025
1.0,0.510139817335
0.0,0.489804951683
0.0,0.519578853616
1.0,0.515487908251
0.0,0.486923350201
1.0,0.5120838456
1.0,0.495295878076
1.0,0.533157732597
1.0,0.499871604169
0.0,0.552838812192
1.0,0.514334128532
0.0,0.45803116035
0.0,0.501255156502
1.0,0.509609688116
0.0,0.490361469021
1.0,0.494376692255
0.0,0.503067181475
0.0,0.512258981363
1.0,0.498915925235
0.0,0.493412258939
1.0,0.474019365896
0.0,0.532372338243
0.0,0.498338443297
1.0,0.538674796709
1.0,0.532232188656
1.0,0.519947640439
0.0,0.503372881694
0.0,0.494977973966
0.0,0.516674169794
0.0,0.527709130697
0.0,0.519917048747
0.0,0.523917228757
0.0,0.504884550332
1.0,0.469289454532
1.0,0.496625248422
0.0,0.506606738561
0.0,0.47843336431
1.0,0.465219696499
0.0,0.496670989722
0.0,0.512833689224
0.0,0.468240996199
1.0,0.448588984585
1.0,0.505058876551
1.0,0.48934329221
1.0,0.502593724425
1.0,0.52768322948
0.0,0.503002278937
0.0,0.514496590901
0.0,0.43775464954
0.0,0.49838614987
0.0,0.511432454185
0.0,0.499748065938
0.0,0.521227621153
0.0,0.492683746337
0.0,0.524745703142
0.0,0.486697039136
1.0,0.510821687323
0.0,0.530340772683
1.0,0.469576068952
0.0,0.51866024954
1.0,0.51371802166
1.0,0.516604416984
0.0,0.489169764312
1.0,0.519735338662
0.0,0.507432526711
0.0,0.506285716905
1.0,0.525550695079
1.0,0.521079343988
1.0,0.501325574197
1.0,0.505078139748
0.0,0.526936314724
1.0,0.504483657681
0.0,0.517168602339
0.0,0.492883659405
1.0,0.446561838417
1.0,0.527122269937
1.0,0.506197098903
1.0,0.500823527915
0.0,0.458562961614
1.0,0.521438523006
0.0,0.494817836742
1.0,0.504813399017
1.0,0.525928579689
0.0,0.504841314693
0.0,0.498980589118
0.0,0.48058484844
0.0,0.52688374801
1.0,0.490569828499
1.0,0.49501205934
1.0,0.526500447011
0.0,0.497267925165
0.0,0.519518069512
1.0,0.500267679029
0.0,0.517080048929
1.0,0.526196520773
0.0,0.439274317108
1.0,0.509481591516
0.0,0.538845557117
0.0,0.494808642003
0.0,0.499629993344
1.0,0.509960008595
1.0,0.522010627879
1.0,0.511698354032
1.0,0.509620246424
1.0,0.500716688946
1.0,0.517012719524
0.0,0.528288883399
1.0,0.532134597321
0.0,0.51341027359
0.0,0.496419281119
1.0,0.465552966057
0.0,0.493447471201
0.0,0.515448592878
0.0,0.519974734253
0.0,0.522502910305
1.0,0.536292561214
1.0,0.468680163938
0.0,0.514003363048
0.0,0.521867890257
1.0,0.53246051411
0.0,0.49797675668
0.0,0.50907232244
1.0,0.520692311196
0.0,0.502091357226
0.0,0.500682972939
0.0,0.514881543952
0.0,0.510801143762
0.0,0.521307715668
0.0,0.511581419791
0.0,0.505496073373
1.0,0.495962210894
0.0,0.452162324331
1.0,0.524378862807
0.0,0.53146698421
1.0,0.519373428367
0.0,0.487647697334
0.0,0.529615745641
1.0,0.503367145741
0.0,0.46609624911
1.0,0.510423730024
1.0,0.388923960916
0.0,0.528132556712
1.0,0.508169675146
1.0,0.520086165687
0.0,0.515308151365
1.0,0.489828782882
1.0,0.464635640966
1.0,0.508149730674
0.0,0.485960313001
1.0,0.523441101328
0.0,0.51605644652
1.0,0.510721813943
0.0,0.486465045032
1.0,0.523041588248
0.0,0.437038201591
1.0,0.485156977695
0.0,0.431332364887
0.0,0.503782634338
0.0,0.461366168701
0.0,0.45090233459
0.0,0.521984196695
0.0,0.518040831692
1.0,0.497547526958
1.0,0.506670726286
0.0,0.543017357184
0.0,0.529515400419
0.0,0.479290742756
0.0,0.516702001461
0.0,0.49970126847
0.0,0.526008137535
0.0,0.464864443195
1.0,0.526405874881
1.0,0.522827665512
1.0,0.513054622605
0.0,0.4543735644
1.0,0.489259690859
1.0,0.517869876747
1.0,0.510699655415
0.0,0.4716580666
0.0,0.507766843321
1.0,0.518861698799
0.0,0.513426265167
0.0,0.484077144711
0.0,0.470426807313
1.0,0.504717377962
0.0,0.513736937904
0.0,0.50861849579
1.0,0.498131999618
0.0,0.500027837923
1.0,0.514602721894
0.0,0.426883591175
0.0,0.506159108983
1.0,0.545513287744
1.0,0.503291602103
0.0,0.50282465975
1.0,0.473548671539
0.0,0.480378704711
1.0,0.503353724726
1.0,0.514763270681
0.0,0.51639278547
1.0,0.542965406501
1.0,0.518413071535
0.0,0.478246213652
0.0,0.516107920696
0.0,0.513047481715
0.0,0.533924499899
0.0,0.515542355799
0.0,0.484738475935
1.0,0.510315476564
0.0,0.468570480183
0.0,0.495839773277
0.0,0.526781309905
0.0,0.506085632729
0.0,0.502134246015
1.0,0.443787353508
0.0,0.457231316696
1.0,0.513957605704
1.0,0.513417106886
1.0,0.453218706916
0.0,0.501825634299
0.0,0.505472252357
1.0,0.507582593545
1.0,0.515357602605
1.0,0.491047944397
1.0,0.505016246261
1.0,0.518592317616
0.0,0.477685616613
0.0,0.512810676209
1.0,0.504621341036
1.0,0.521754558526
0.0,0.524824803617
1.0,0.457372914227
1.0,0.516053053721
0.0,0.513417879185
1.0,0.480442934786
0.0,0.505233461626
1.0,0.530075003673
1.0,0.518770179677
1.0,0.524447756901
0.0,0.50832277157
1.0,0.489624680182
1.0,0.522580324605
1.0,0.510613245639
0.0,0.516451195253
1.0,0.499932875447
1.0,0.425538329882
0.0,0.513233862723
1.0,0.531662750828
1.0,0.475446057678
1.0,0.433373615751
0.0,0.474618625692
0.0,0.505600103548
0.0,0.529418048469
1.0,0.499420644243
0.0,0.494084204902
1.0,0.511916033943
1.0,0.506702217571
0.0,0.478607863513
0.0,0.437692310248
0.0,0.529430186137
1.0,0.492415956456
1.0,0.517096271178
0.0,0.51259747842
1.0,0.507323919382
1.0,0.517683704507
1.0,0.51687008594
0.0,0.525840612663
1.0,0.504217769713
0.0,0.521044907564
0.0,0.511040689189
1.0,0.507727693889
1.0,0.528513452433
